0.00000000099999999995 0.00000000099999999995 0.00000000099999999995 0.00000000099999999995 0.00000000099999999995 0.99999999399999994765 0.00000000099999999995 
0.00000000099999999992 0.00000000099999999992 0.00000000099999999992 0.00000000099999999992 0.00000000099999999992 0.99999999399999994765 0.00000000099999999992 
0.00000000099999999993 0.00000000099999999993 0.00000000099999999993 0.00000000099999999993 0.00000000099999999993 0.99999999399999994765 0.00000000099999999993 
0.00000000099999999993 0.00000000099999999993 0.00000000099999999993 0.00000000099999999993 0.00000000099999999993 0.99999999400000005867 0.00000000099999999993 
0.00000000099999999993 0.00000000099999999993 0.00000000099999999993 0.00000000099999999993 0.00000000099999999993 0.99999999400000005867 0.00000000099999999993 
0.00000000099999999995 0.00000000099999999995 0.00000000099999999995 0.00000000099999999995 0.00000000099999999995 0.99999999399999994765 0.00000000099999999995 
0.00000000099999999991 0.00000000099999999991 0.00000000099999999991 0.00000000099999999991 0.00000000099999999991 0.99999999399999994765 0.00000000099999999991 
0.00000000099999999993 0.00000000099999999993 0.00000000099999999993 0.00000000099999999993 0.00000000099999999993 0.99999999400000005867 0.00000000099999999993 
0.00000000099999999994 0.00000000099999999994 0.00000000099999999994 0.00000000099999999994 0.00000000099999999994 0.99999999400000005867 0.00000000099999999994 
0.00000000099999999993 0.00000000099999999993 0.00000000099999999993 0.00000000099999999993 0.00000000099999999993 0.99999999399999994765 0.00000000099999999993 
0.00000000099999999994 0.00405139957303800834 0.00000000099999999994 0.00000000099999999994 0.00000000099999999994 0.99594859542696190235 0.00000000099999999994 
0.00000000099999999994 0.00000000099999999994 0.00000000099999999994 0.00000000099999999994 0.00000000099999999994 0.99999999399999994765 0.00000000099999999994 
0.00000000099999999994 0.00000000099999999994 0.00000000099999999994 0.00000000099999999994 0.00000000099999999994 0.99999999399999994765 0.00000000099999999994 
0.00000000099999999993 0.00000000099999999993 0.00000000099999999993 0.00000000099999999993 0.00000000099999999993 0.99999999400000005867 0.00000000099999999993 
0.00000000099999999993 0.00000000099999999993 0.00000000099999999993 0.00000000099999999993 0.00000000099999999993 0.99999999400000005867 0.00000000099999999993 
0.00000000100000000000 0.00195091558535855037 0.00000000153280698098 0.00000000177752014789 0.03526676928706979491 0.00000174037165757132 0.96278057044558706945 
0.00000000099999999999 0.00000000099999999999 0.00000000099999999999 0.00000000099999999999 0.00000000099999999999 0.00000000099999999999 0.99999999399999994765 
0.00000000100000000000 0.00000000100000000000 0.00000006748710453654 0.00000000100000000000 0.00000000100000000000 0.00000000100000000000 0.99999992751289545900 
0.00000000100000000000 0.00000000100000000000 0.00000000100000000000 0.00000000100000000000 0.00004772760324726814 0.00000000100000000000 0.99995226739675258099 
0.00000000099999999999 0.00000000099999999999 0.00000000099999999999 0.00000000099999999999 0.00000000099999999999 0.00000000099999999999 0.99999999399999994765 
0.00000000099999999997 0.36876391867832031268 0.00000000099999999997 0.00000000099999999997 0.00114204033071185849 0.00000000099999999997 0.63009403699096755425 
0.00000000099999999997 0.14961985550055650895 0.00000000099999999997 0.00000000099999999997 0.26899583469489923848 0.00000000099999999997 0.58138430580454425467 
0.00000000099999999997 0.00000000099999999997 0.00000000099999999997 0.00000000099999999997 0.90043127889543039810 0.00000000099999999997 0.09956871610456959065 
0.00000000099999999999 0.00002619955632451593 0.00000000099999999999 0.00000000099999999999 0.88022718876101246899 0.00000000099999999999 0.11974660768266306987 
0.00000000099999999999 0.00000090977682471766 0.00000000099999999999 0.00000000099999999999 0.99999908522317537685 0.00000000099999999999 0.00000000099999999999 
0.00000000099999999999 0.29424169753642287484 0.00000000099999999999 0.00000000099999999999 0.55510454984988388816 0.00000000099999999999 0.15065374861369335013 
0.00000000099999999996 0.00000000099999999996 0.00000000099999999996 0.00000000099999999996 0.99999999400000005867 0.00000000099999999996 0.00000000099999999996 
0.00000000100000000000 0.00000476395998033362 0.00000000100000000000 0.00000000100000000000 0.99999522675962815299 0.00000000100000000000 0.00000000528039155746 
0.00000000100000000000 0.22388460872356302778 0.00000000100000000000 0.00000000100000000000 0.61276475103388228227 0.00000000119859133221 0.16335063604396329873 
0.00000000099999999994 0.99999999400000005867 0.00000000099999999994 0.00000000099999999994 0.00000000099999999994 0.00000000099999999994 0.00000000099999999994 
0.00000000099999999992 0.99999999400000016969 0.00000000099999999992 0.00000000099999999992 0.00000000099999999992 0.00000000099999999992 0.00000000099999999992 
0.00000000099999999993 0.99999999400000005867 0.00000000099999999993 0.00000000099999999993 0.00000000099999999993 0.00000000099999999993 0.00000000099999999993 
0.00000000099999999993 0.99999999400000016969 0.00000000099999999993 0.00000000099999999993 0.00000000099999999993 0.00000000099999999993 0.00000000099999999993 
0.00000000099999999993 0.99999999400000005867 0.00000000099999999993 0.00000000099999999993 0.00000000099999999993 0.00000000099999999993 0.00000000099999999993 
0.00000000099999999992 0.99999999400000016969 0.00000000099999999992 0.00000000099999999992 0.00000000099999999992 0.00000000099999999992 0.00000000099999999992 
0.00000000099999999993 0.99999999400000016969 0.00000000099999999993 0.00000000099999999993 0.00000000099999999993 0.00000000099999999993 0.00000000099999999993 
0.00000000099999999993 0.99999999400000016969 0.00000000099999999993 0.00000000099999999993 0.00000000099999999993 0.00000000099999999993 0.00000000099999999993 
0.00000000099999999997 0.00000000099999999997 0.00000000099999999997 0.00000000099999999997 0.99999999400000005867 0.00000000099999999997 0.00000000099999999997 
0.00000000099999999999 0.00000448511605595220 0.00000000099999999999 0.00000000099999999999 0.99999542965675647377 0.00000000099999999999 0.00000008122718743709 
0.00000000099999999995 0.00000000099999999995 0.00000000099999999995 0.00000000099999999995 0.99999999399999994765 0.00000000099999999995 0.00000000099999999995 
0.00000000099999999995 0.00000000099999999995 0.00000000099999999995 0.00000000099999999995 0.99999999399999994765 0.00000000099999999995 0.00000000099999999995 
0.00000000099999999997 0.45320660303257248591 0.00000000099999999997 0.00000000099999999997 0.54679339196742748896 0.00000000099999999997 0.00000000099999999997 
0.00000000099999999995 0.99999999400000005867 0.00000000099999999995 0.00000000099999999995 0.00000000099999999995 0.00000000099999999995 0.00000000099999999995 
0.00000000099999999996 0.26441448519042443088 0.00000000099999999996 0.00000000099999999996 0.73558550980957548848 0.00000000099999999996 0.00000000099999999996 
0.00000000099999999998 0.59775241188070127318 0.00000000099999999998 0.00000000099999999998 0.40224758311929892374 0.00000000099999999998 0.00000000099999999998 
0.00000000099999999995 0.99999987891396802109 0.00000000099999999995 0.00000000099999999995 0.00000011608603197871 0.00000000099999999995 0.00000000099999999995 
0.00000000099999999992 0.99999999400000016969 0.00000000099999999992 0.00000000099999999992 0.00000000099999999992 0.00000000099999999992 0.00000000099999999992 
0.00000000099999999998 0.70861120915885722482 0.00000000099999999998 0.00000000099999999998 0.29138878584114286108 0.00000000099999999998 0.00000000099999999998 
0.00000000099999999993 0.99999999400000005867 0.00000000099999999993 0.00000000099999999993 0.00000000099999999993 0.00000000099999999993 0.00000000099999999993 
0.00000000099999999996 0.81038778131555733175 0.00000000099999999996 0.00000000099999999996 0.18961221368444280966 0.00000000099999999996 0.00000000099999999996 
0.00000000099999999996 0.99977272678034645459 0.00000000099999999996 0.00000000099999999996 0.00022726821965355455 0.00000000099999999996 0.00000000099999999996 
0.00000000099999999994 0.99999999400000005867 0.00000000099999999994 0.00000000099999999994 0.00000000099999999994 0.00000000099999999994 0.00000000099999999994 
0.00000000099999999995 0.99984513222122961551 0.00000000099999999995 0.00000000099999999995 0.00015486277877043163 0.00000000099999999995 0.00000000099999999995 
0.00000000099999999996 0.99998816941833723604 0.00000000099999999996 0.00000000099999999996 0.00001182558166280890 0.00000000099999999996 0.00000000099999999996 
0.00000000099999999998 0.98025778126559581782 0.00000000099999999998 0.00000000099999999998 0.01974221373440415012 0.00000000099999999998 0.00000000099999999998 
0.00000000099999999998 0.77816260695676975345 0.00000000099999999998 0.00000000099999999998 0.22183738563068813865 0.00000000341254228770 0.00000000099999999998 
0.00000000099999999996 0.13660679739223985374 0.00000000099999999996 0.00000000099999999996 0.86339319760776023216 0.00000000099999999996 0.00000000099999999996 
0.00000000099999999996 0.99979013349513823350 0.00000000099999999996 0.00000000099999999996 0.00020986150486183451 0.00000000099999999996 0.00000000099999999996 
0.00000000099999999999 0.00076637700502934624 0.00000000099999999999 0.00000000099999999999 0.99923225673546012260 0.00000136225951035585 0.00000000099999999999 
0.00000000099999999998 0.54823052048425402472 0.00000000099999999998 0.00000000099999999998 0.45176947451574600567 0.00000000099999999998 0.00000000099999999998 
0.00000000099999999991 0.99999999400000005867 0.00000000099999999991 0.00000000099999999991 0.00000000099999999991 0.00000000099999999991 0.00000000099999999991 
0.00000000099999999993 0.99999999400000016969 0.00000000099999999993 0.00000000099999999993 0.00000000099999999993 0.00000000099999999993 0.00000000099999999993 
0.00000000099999999994 0.99999999400000016969 0.00000000099999999994 0.00000000099999999994 0.00000000099999999994 0.00000000099999999994 0.00000000099999999994 
0.00000000099999999994 0.99999999400000005867 0.00000000099999999994 0.00000000099999999994 0.00000000099999999994 0.00000000099999999994 0.00000000099999999994 
0.00000000099999999995 0.99999999400000016969 0.00000000099999999995 0.00000000099999999995 0.00000000099999999995 0.00000000099999999995 0.00000000099999999995 
0.00000000099999999995 0.99999999400000016969 0.00000000099999999995 0.00000000099999999995 0.00000000099999999995 0.00000000099999999995 0.00000000099999999995 
0.00000000099999999993 0.99999999400000016969 0.00000000099999999993 0.00000000099999999993 0.00000000099999999993 0.00000000099999999993 0.00000000099999999993 
0.00000000099999999996 0.55656616797672409103 0.00000000099999999996 0.00000000099999999996 0.44343382702327605038 0.00000000099999999996 0.00000000099999999996 
0.00000000099999999994 0.99999999400000005867 0.00000000099999999994 0.00000000099999999994 0.00000000099999999994 0.00000000099999999994 0.00000000099999999994 
0.00000000099999999997 0.69169611257980634367 0.00000000099999999997 0.00000000099999999997 0.30830388242019374223 0.00000000099999999997 0.00000000099999999997 
0.00000000099999999998 0.00050691402808658137 0.00000000099999999998 0.00000000099999999998 0.99949308097191336131 0.00000000099999999998 0.00000000099999999998 
0.00000000099999999997 0.00000002227793807465 0.00000000099999999997 0.00000000099999999997 0.99999997272206198051 0.00000000099999999997 0.00000000099999999997 
0.00000000099999999997 0.71487493540582347507 0.00000000099999999997 0.00000000099999999997 0.28512505959417666634 0.00000000099999999997 0.00000000099999999997 
0.00000000099999999998 0.73987049722942721530 0.00000000099999999998 0.00000000099999999998 0.26012949777057281509 0.00000000099999999998 0.00000000099999999998 
0.00000000099999999993 0.99999999400000005867 0.00000000099999999993 0.00000000099999999993 0.00000000099999999993 0.00000000099999999993 0.00000000099999999993 
0.00000000099999999995 0.99999997400808904313 0.00000000099999999995 0.00000000099999999995 0.00000002099191095084 0.00000000099999999995 0.00000000099999999995 
0.00000000099999999995 0.99999999400000005867 0.00000000099999999995 0.00000000099999999995 0.00000000099999999995 0.00000000099999999995 0.00000000099999999995 
0.00000000099999999992 0.99999999400000005867 0.00000000099999999992 0.00000000099999999992 0.00000000099999999992 0.00000000099999999992 0.00000000099999999992 
0.00000000099999999996 0.99999999400000005867 0.00000000099999999996 0.00000000099999999996 0.00000000099999999996 0.00000000099999999996 0.00000000099999999996 
0.00000000099999999994 0.99999999400000016969 0.00000000099999999994 0.00000000099999999994 0.00000000099999999994 0.00000000099999999994 0.00000000099999999994 
0.00000000099999999993 0.99999999400000016969 0.00000000099999999993 0.00000000099999999993 0.00000000099999999993 0.00000000099999999993 0.00000000099999999993 
0.00000000099999999993 0.99999999400000016969 0.00000000099999999993 0.00000000099999999993 0.00000000099999999993 0.00000000099999999993 0.00000000099999999993 
0.00000000099999999996 0.00000000099999999996 0.00000000099999999996 0.00000000099999999996 0.99999999399999994765 0.00000000099999999996 0.00000000099999999996 
0.00000000099999999999 0.00000000117033017746 0.00000000099999999999 0.00000000099999999999 0.99999984862327384594 0.00000014620639587968 0.00000000099999999999 
0.00000000099999999994 0.00000000099999999994 0.00000000099999999994 0.00000000099999999994 0.99999999399999994765 0.00000000099999999994 0.00000000099999999994 
0.00000000099999999996 0.00000000099999999996 0.00000000099999999996 0.00000000099999999996 0.99999999399999994765 0.00000000099999999996 0.00000000099999999996 
0.00000000099999999996 0.20320974478044540046 0.00000000099999999996 0.00000000099999999996 0.00410136515370441816 0.00000000099999999996 0.79268888606585008461 
0.00000000099999999996 0.00001595200264640051 0.00000000099999999996 0.00000000099999999996 0.10373137416914049447 0.00000000099999999996 0.89625266982821316653 
0.00000000099999999996 0.05403109495455617889 0.00000000099999999996 0.00000000099999999996 0.00000000099999999996 0.00000000099999999996 0.94596890004544376129 
0.00000000099999999996 0.18793177829761248399 0.00000000099999999996 0.00000000099999999996 0.00000000099999999996 0.00000000099999999996 0.81206821670238749089 
0.00000000099999999997 0.17006722959273273821 0.00000000099999999997 0.00000000099999999997 0.14036517335623441283 0.00000000099999999997 0.68956759305103287883 
0.00000000099999999997 0.27524581319919139144 0.00000000099999999997 0.00000000099999999997 0.00000000099999999997 0.00000000099999999997 0.72475418180080830588 
0.00000000099999999999 0.07898406555310318045 0.00000000099999999999 0.00000000099999999999 0.13346590027283511404 0.00000000099999999999 0.78755003017406166599 
0.00000000099999999997 0.07081265306493424172 0.00000000099999999997 0.00000000099999999997 0.00000014996634925125 0.00000000099999999997 0.92918719296871665758 
0.00000000099999999996 0.00000000099999999996 0.00000000099999999996 0.00000000099999999996 0.25128457602591269815 0.00000000099999999996 0.74871541897408733224 
0.00000000099999999999 0.00000240570495528361 0.00000000099999999999 0.00000000099999999999 0.35058138935511912182 0.00000000099999999999 0.64941620093992558083 
0.00000000099999999997 0.08715615813055749284 0.00000000099999999997 0.00000000099999999997 0.00000000099999999997 0.00000000099999999997 0.91284383686944259306 
0.00000000099999999996 0.05361233735923171678 0.00000000099999999996 0.00000000099999999996 0.00000000099999999996 0.12040316250905036544 0.82598449613171776029 
0.00000000099999999994 0.03082394744525374444 0.00000000099999999994 0.00000000099999999994 0.00000000099999999994 0.00000000099999999994 0.96917604755474617839 
0.00000000099999999994 0.00000000099999999994 0.00000000099999999994 0.00000000099999999994 0.00000000099999999994 0.00000000099999999994 0.99999999400000005867 
0.00000000099999999993 0.00000000099999999993 0.00000000099999999993 0.00000000099999999993 0.00000000099999999993 0.00000000099999999993 0.99999999399999994765 
0.00000000099999999997 0.00000000099999999997 0.00000000099999999997 0.00000000099999999997 0.29409634974507314897 0.00000000099999999997 0.70590364525492688141 
0.00000000099999999997 0.25533352497748190713 0.00000000099999999997 0.00000000099999999997 0.00000000099999999997 0.00000000099999999997 0.74466647002251795673 
0.00000000099999999995 0.19213510243573936331 0.00000000099999999995 0.00000000099999999995 0.00000000099999999995 0.00000000099999999995 0.80786489256426063932 
0.00000000099999999995 0.08334207562660422841 0.00000000099999999995 0.00000000099999999995 0.00000000099999999995 0.00000000099999999995 0.91665791937339580198 
0.00000000099999999997 0.00000359639520297272 0.00000000099999999997 0.00000000099999999997 0.32952353344988971617 0.00000000099999999997 0.67047286615490742090 
0.00000000099999999995 0.04620454770743098738 0.00000000099999999995 0.00000000099999999995 0.00000000099999999995 0.00000000099999999995 0.95379544729256904301 
0.00000000099999999996 0.11951095585642834696 0.00000000099999999996 0.00000000099999999996 0.00000000099999999996 0.00000000099999999996 0.88048903914357157241 
0.00000000099999999996 0.15105009163807062156 0.00000000099999999996 0.00000000099999999996 0.00000000313558172749 0.00000000099999999996 0.84894990122634761409 
0.00000000099999999989 0.00000000099999999989 0.00000000099999999989 0.00000000099999999989 0.00000000099999999989 0.99999999400000005867 0.00000000099999999989 
0.00000000099999999993 0.00000000099999999993 0.00000000099999999993 0.00000000099999999993 0.00000000099999999993 0.99999999400000005867 0.00000000099999999993 
0.00000000099999999995 0.22877750499954527252 0.00000000099999999995 0.00000000099999999995 0.00000000099999999995 0.77122249000045473011 0.00000000099999999995 
0.00000000099999999988 0.00000000099999999988 0.00000000099999999988 0.00000000099999999988 0.00000000099999999988 0.99999999400000005867 0.00000000099999999988 
0.00000000099999999997 0.00000000099999999997 0.00000000099999999997 0.00000000099999999997 0.00000000099999999997 0.99999999400000005867 0.00000000099999999997 
0.00000000099999999990 0.00000000099999999990 0.00000000099999999990 0.00000000099999999990 0.00000000099999999990 0.99999999400000005867 0.00000000099999999990 
0.00000000099999999995 0.99999999400000005867 0.00000000099999999995 0.00000000099999999995 0.00000000099999999995 0.00000000099999999995 0.00000000099999999995 
0.00000000099999999995 0.99999999400000016969 0.00000000099999999995 0.00000000099999999995 0.00000000099999999995 0.00000000099999999995 0.00000000099999999995 
0.00000000099999999994 0.99999999400000005867 0.00000000099999999994 0.00000000099999999994 0.00000000099999999994 0.00000000099999999994 0.00000000099999999994 
0.00000000099999999994 0.99999999400000016969 0.00000000099999999994 0.00000000099999999994 0.00000000099999999994 0.00000000099999999994 0.00000000099999999994 
0.00000000099999999995 0.99985476798223482664 0.00000000099999999995 0.00000000099999999995 0.00014522701776528647 0.00000000099999999995 0.00000000099999999995 
0.00000000099999999995 0.90820405928393865835 0.00000000099999999995 0.00000000099999999995 0.00000000099999999995 0.09179593571606131652 0.00000000099999999995 
0.00000000099999999994 0.99999999400000005867 0.00000000099999999994 0.00000000099999999994 0.00000000099999999994 0.00000000099999999994 0.00000000099999999994 
0.00000000099999999995 0.92000444257621316613 0.00000000099999999995 0.00000000099999999995 0.00000000099999999995 0.07999555242378700304 0.00000000099999999995 
0.00000000099999999995 0.93698191289189081132 0.00000000099999999995 0.00000000099999999995 0.00000000099999999995 0.06301808210810931621 0.00000000099999999995 
0.00000000099999999996 0.99999999400000016969 0.00000000099999999996 0.00000000099999999996 0.00000000099999999996 0.00000000099999999996 0.00000000099999999996 
0.00000000099999999997 0.00000000099999999997 0.00000000099999999997 0.00000000099999999997 0.69213765589855713589 0.00000000099999999997 0.30786233910144295001 
0.00000000099999999997 0.00000000099999999997 0.00000000099999999997 0.00000000099999999997 0.71412001431625449221 0.00000000099999999997 0.28587998068374542715 
0.00000000099999999997 0.00000000099999999997 0.00000000099999999997 0.00000000099999999997 0.75024958640656003173 0.00000000099999999997 0.24975040859343985988 
0.00000000099999999996 0.00000000099999999996 0.00000000099999999996 0.00000000099999999996 0.71459299728449376943 0.00000000099999999996 0.28540699771550620545 
0.00000000099999999997 0.00000000099999999997 0.00000000099999999997 0.00000000099999999997 0.76640961686559527788 0.00000000099999999997 0.23359037813440461373 
0.00000000099999999995 0.00000000099999999995 0.00000000099999999995 0.00000000099999999995 0.43947767601666332116 0.00000000099999999995 0.56052231898333670923 
0.00000000099999999997 0.00000000099999999997 0.00000000099999999997 0.00000000099999999997 0.60794150656332757166 0.00000000099999999997 0.39205848843667245873 
0.00000000099999999999 0.00000000099999999999 0.00000000099999999999 0.00000000099999999999 0.85625801502693477119 0.00000000099999999999 0.14374197997306534247 
0.00000000099999999998 0.00000000099999999998 0.00000000099999999998 0.00000000099999999998 0.82095900965768908719 0.00000000099999999998 0.17904098534231094320 
0.00000000099999999998 0.00000000099999999998 0.00000000099999999998 0.00000000099999999998 0.72655780791009072495 0.00000000099999999998 0.27344218708990919442 
0.00000000099999999999 0.00000000099999999999 0.00000000099999999999 0.00000000099999999999 0.86728091864901390995 0.00000000099999999999 0.13271907635098598166 
0.00000000099999999998 0.00000000099999999998 0.00000000099999999998 0.31112412465447736309 0.48757503211330149862 0.00000000099999999998 0.20130083923222102937 
0.00000000099999999997 0.00000000099999999997 0.00000000099999999997 0.00000000099999999997 0.61656234038567492295 0.00000000099999999997 0.38343765461432499642 
0.00000000099999999995 0.00000000099999999995 0.00000000099999999995 0.99999999400000005867 0.00000000099999999995 0.00000000099999999995 0.00000000099999999995 
0.00000000099999999990 0.00000000099999999990 0.00000000099999999990 0.99999999400000005867 0.00000000099999999990 0.00000000099999999990 0.00000000099999999990 
0.00000000099999999990 0.00000000099999999990 0.00000000099999999990 0.99999999400000005867 0.00000000099999999990 0.00000000099999999990 0.00000000099999999990 
0.00000000099999999993 0.00000000099999999993 0.00000000099999999993 0.99999999400000005867 0.00000000099999999993 0.00000000099999999993 0.00000000099999999993 
0.00000000099999999993 0.00000000099999999993 0.00000000099999999993 0.99999999399999994765 0.00000000099999999993 0.00000000099999999993 0.00000000099999999993 
0.00000000099999999990 0.00000000099999999990 0.00000000099999999990 0.99999999399999994765 0.00000000099999999990 0.00000000099999999990 0.00000000099999999990 
0.00000000099999999993 0.00000000099999999993 0.00000000099999999993 0.99999999399999994765 0.00000000099999999993 0.00000000099999999993 0.00000000099999999993 
0.00000000099999999999 0.00000000099999999999 0.00000000099999999999 0.99997315737530956259 0.00002683762469046420 0.00000000099999999999 0.00000000099999999999 
0.00000000099999999994 0.00000000099999999994 0.00000000099999999994 0.99999999399999994765 0.00000000099999999994 0.00000000099999999994 0.00000000099999999994 
0.00000000099999999994 0.00000000099999999994 0.00000000099999999994 0.99999999399999994765 0.00000000099999999994 0.00000000099999999994 0.00000000099999999994 
0.00000000099999999996 0.00000000099999999996 0.00000000099999999996 0.99999999399999994765 0.00000000099999999996 0.00000000099999999996 0.00000000099999999996 
0.00000000099999999995 0.00000000099999999995 0.00000000099999999995 0.99999999400000005867 0.00000000099999999995 0.00000000099999999995 0.00000000099999999995 
0.00000000099999999992 0.00000000099999999992 0.00000000099999999992 0.99999999399999994765 0.00000000099999999992 0.00000000099999999992 0.00000000099999999992 
0.00000000099999999994 0.00000000099999999994 0.00000000099999999994 0.99999999399999994765 0.00000000099999999994 0.00000000099999999994 0.00000000099999999994 
0.00000000099999999995 0.00000000099999999995 0.00000000099999999995 0.99999999400000005867 0.00000000099999999995 0.00000000099999999995 0.00000000099999999995 
0.00000000099999999993 0.00000000099999999993 0.00000000099999999993 0.00000000099999999993 0.99999999400000005867 0.00000000099999999993 0.00000000099999999993 
0.00000000099999999999 0.00064402128559551809 0.00000000099999999999 0.00000000099999999999 0.99935597371440443304 0.00000000099999999999 0.00000000099999999999 
0.00000000099999999998 0.00000070555174942249 0.00000000099999999998 0.00000000099999999998 0.99999928944825067223 0.00000000099999999998 0.00000000099999999998 
0.00000000099999999999 0.00890530224050538159 0.00000000099999999999 0.00000000099999999999 0.99109469275949457767 0.00000000099999999999 0.00000000099999999999 
0.00000000099999999993 0.00000000099999999993 0.00000000099999999993 0.00000000099999999993 0.99999999400000005867 0.00000000099999999993 0.00000000099999999993 
0.99999999400000016969 0.00000000099999999993 0.00000000099999999993 0.00000000099999999993 0.00000000099999999993 0.00000000099999999993 0.00000000099999999993 
0.00000000099999999994 0.00000000099999999994 0.99999999400000005867 0.00000000099999999994 0.00000000099999999994 0.00000000099999999994 0.00000000099999999994 
0.99999999400000005867 0.00000000099999999994 0.00000000099999999994 0.00000000099999999994 0.00000000099999999994 0.00000000099999999994 0.00000000099999999994 
0.99999999400000005867 0.00000000099999999996 0.00000000099999999996 0.00000000099999999996 0.00000000099999999996 0.00000000099999999996 0.00000000099999999996 
0.99999999400000005867 0.00000000099999999988 0.00000000099999999988 0.00000000099999999988 0.00000000099999999988 0.00000000099999999988 0.00000000099999999988 
0.99999999400000016969 0.00000000099999999985 0.00000000099999999985 0.00000000099999999985 0.00000000099999999985 0.00000000099999999985 0.00000000099999999985 
0.99999999400000016969 0.00000000099999999988 0.00000000099999999988 0.00000000099999999988 0.00000000099999999988 0.00000000099999999988 0.00000000099999999988 
0.99999999400000016969 0.00000000099999999990 0.00000000099999999990 0.00000000099999999990 0.00000000099999999990 0.00000000099999999990 0.00000000099999999990 
0.99999999400000005867 0.00000000099999999994 0.00000000099999999994 0.00000000099999999994 0.00000000099999999994 0.00000000099999999994 0.00000000099999999994 
0.99999999400000005867 0.00000000099999999991 0.00000000099999999991 0.00000000099999999991 0.00000000099999999991 0.00000000099999999991 0.00000000099999999991 
0.99999999400000016969 0.00000000099999999995 0.00000000099999999995 0.00000000099999999995 0.00000000099999999995 0.00000000099999999995 0.00000000099999999995 
0.99999999400000016969 0.00000000099999999995 0.00000000099999999995 0.00000000099999999995 0.00000000099999999995 0.00000000099999999995 0.00000000099999999995 
0.99999999400000016969 0.00000000099999999996 0.00000000099999999996 0.00000000099999999996 0.00000000099999999996 0.00000000099999999996 0.00000000099999999996 
0.99999999400000016969 0.00000000099999999990 0.00000000099999999990 0.00000000099999999990 0.00000000099999999990 0.00000000099999999990 0.00000000099999999990 
0.00000000099999999997 0.00000000099999999997 0.00000000099999999997 0.00000000099999999997 0.99999999400000005867 0.00000000099999999997 0.00000000099999999997 
0.00000000099999999996 0.00000000099999999996 0.00000000099999999996 0.00000000099999999996 0.99999999399999994765 0.00000000099999999996 0.00000000099999999996 
0.00000000099999999995 0.00000000099999999995 0.00000000099999999995 0.00000000099999999995 0.99999999400000005867 0.00000000099999999995 0.00000000099999999995 
0.00000000099999999994 0.00000000099999999994 0.00000000099999999994 0.00000000099999999994 0.99999999400000005867 0.00000000099999999994 0.00000000099999999994 
0.00000000099999999993 0.00000000099999999993 0.00000000099999999993 0.00000000099999999993 0.99999999400000005867 0.00000000099999999993 0.00000000099999999993 
0.00000000099999999994 0.00000000099999999994 0.00000000099999999994 0.00000000099999999994 0.99999999400000005867 0.00000000099999999994 0.00000000099999999994 
0.00000000099999999992 0.00000000099999999992 0.00000000099999999992 0.00000000099999999992 0.99999999399999994765 0.00000000099999999992 0.00000000099999999992 
0.00000000099999999997 0.00000000099999999997 0.00000000099999999997 0.00000000099999999997 0.99999999400000005867 0.00000000099999999997 0.00000000099999999997 
0.00000000099999999993 0.00000000099999999993 0.00000000099999999993 0.00000000099999999993 0.99999999400000005867 0.00000000099999999993 0.00000000099999999993 
0.00000000099999999994 0.00000000099999999994 0.00000000099999999994 0.00000000099999999994 0.99999999400000005867 0.00000000099999999994 0.00000000099999999994 
0.00000000099999999992 0.00000000099999999992 0.00000000099999999992 0.00000000099999999992 0.99999999399999994765 0.00000000099999999992 0.00000000099999999992 
0.00000000099999999994 0.00000000099999999994 0.00000000099999999994 0.00000000099999999994 0.99999999399999994765 0.00000000099999999994 0.00000000099999999994 
0.08484015479718221009 0.00000000099999999997 0.00000000099999999997 0.00000000099999999997 0.91515984020281793132 0.00000000099999999997 0.00000000099999999997 
0.06215193355307570278 0.00000000099999999996 0.00000000099999999996 0.00000000099999999996 0.93784806144692434149 0.00000000099999999996 0.00000000099999999996 
0.00000000099999999997 0.00000000099999999997 0.00000000099999999997 0.76449082630788323112 0.23550916869211668825 0.00000000099999999997 0.00000000099999999997 
0.00000000099999999998 0.00000000099999999998 0.00000000099999999998 0.99997129223906155993 0.00002870276093853668 0.00000000099999999998 0.00000000099999999998 
0.00000000099999999996 0.00000000099999999996 0.00000000099999999996 0.99999999400000005867 0.00000000099999999996 0.00000000099999999996 0.00000000099999999996 
0.00000000476871457669 0.00000000099999999998 0.00000000099999999998 0.69683636787006286717 0.05508066604026368857 0.24808295832095875189 0.00000000099999999998 
0.07366825905694082688 0.00000000099999999998 0.00000000099999999998 0.83666439551624427473 0.08966734142681491437 0.00000000099999999998 0.00000000099999999998 
0.00000000099999999998 0.00000000099999999998 0.00000000099999999998 0.61998245067441259959 0.27807480536861151066 0.10194273995697589186 0.00000000099999999998 
0.00000000099999999998 0.00000000099999999998 0.00000000099999999998 0.78637536786679018697 0.00848473599415087466 0.20513989213905894915 0.00000000099999999998 
0.00000000099999999999 0.00000000099999999999 0.00000000099999999999 0.86169435236651403809 0.13830558923545069328 0.00000005439803529978 0.00000000099999999999 
0.00000000099999999999 0.00000000099999999999 0.00000000099999999999 0.92578046002882519172 0.07421953497117479703 0.00000000099999999999 0.00000000099999999999 
0.00000000099999999998 0.00000000099999999998 0.00000000099999999998 0.96302941093975136244 0.03697058406024868182 0.00000000099999999998 0.00000000099999999998 
0.00000000099999999997 0.00000000128184913527 0.00000000099999999997 0.99890295068767775977 0.00109704403047316580 0.00000000099999999997 0.00000000099999999997 
0.00000000099999999995 0.00000000099999999995 0.00000000099999999995 0.99999999399999994765 0.00000000099999999995 0.00000000099999999995 0.00000000099999999995 
0.00000000099999999998 0.00000000099999999998 0.00000000099999999998 0.89172294500363347147 0.10827702771308354845 0.00000002328328286142 0.00000000099999999998 
0.00000000099999999990 0.00000000099999999990 0.00000000099999999990 0.00000000099999999990 0.00000000099999999990 0.00000000099999999990 0.99999999400000005867 
0.00000000099999999995 0.00000000099999999995 0.00000000099999999995 0.00000000099999999995 0.00000000099999999995 0.00000000099999999995 0.99999999400000005867 
0.00000000099999999995 0.00000000099999999995 0.00000000099999999995 0.00000000099999999995 0.00000000099999999995 0.00000000099999999995 0.99999999399999994765 
0.00000000099999999995 0.00000000099999999995 0.00000000099999999995 0.00000000099999999995 0.00000000099999999995 0.00000000099999999995 0.99999999400000005867 
0.00000000099999999995 0.00000000099999999995 0.00000000099999999995 0.00000000099999999995 0.00000000099999999995 0.00000000099999999995 0.99999999400000005867 
0.00000000099999999995 0.00000000099999999995 0.00000000099999999995 0.00000000099999999995 0.00000000099999999995 0.00000000099999999995 0.99999999400000005867 
0.00000000099999999992 0.00000000099999999992 0.00000000099999999992 0.00000000099999999992 0.00000000099999999992 0.00000000099999999992 0.99999999399999994765 
0.00000000099999999989 0.00000000099999999989 0.00000000099999999989 0.00000000099999999989 0.00000000099999999989 0.00000000099999999989 0.99999999400000005867 
0.00000000099999999999 0.00000000099999999999 0.00000000099999999999 0.00000000099999999999 0.00000000099999999999 0.00000000099999999999 0.99999999400000005867 
0.00000000099999999992 0.00000000099999999992 0.99999999399999994765 0.00000000099999999992 0.00000000099999999992 0.00000000099999999992 0.00000000099999999992 
0.00000000099999999996 0.00000000099999999996 0.99999999400000005867 0.00000000099999999996 0.00000000099999999996 0.00000000099999999996 0.00000000099999999996 
0.00000000099999999993 0.00000000099999999993 0.99999999399999994765 0.00000000099999999993 0.00000000099999999993 0.00000000099999999993 0.00000000099999999993 
0.99999999400000016969 0.00000000099999999994 0.00000000099999999994 0.00000000099999999994 0.00000000099999999994 0.00000000099999999994 0.00000000099999999994 
0.00000000099999999993 0.00000000099999999993 0.99999999399999994765 0.00000000099999999993 0.00000000099999999993 0.00000000099999999993 0.00000000099999999993 
0.00000000099999999987 0.00000000099999999987 0.99999999400000005867 0.00000000099999999987 0.00000000099999999987 0.00000000099999999987 0.00000000099999999987 
0.00000000099999999991 0.00000000099999999991 0.99999999399999994765 0.00000000099999999991 0.00000000099999999991 0.00000000099999999991 0.00000000099999999991 
0.00000000099999999991 0.00000000099999999991 0.99999999399999994765 0.00000000099999999991 0.00000000099999999991 0.00000000099999999991 0.00000000099999999991 
0.00000000099999999994 0.00000000099999999994 0.99999999399999994765 0.00000000099999999994 0.00000000099999999994 0.00000000099999999994 0.00000000099999999994 
0.00000000099999999996 0.00000000099999999996 0.99999999399999994765 0.00000000099999999996 0.00000000099999999996 0.00000000099999999996 0.00000000099999999996 
0.00000000099999999988 0.00000000099999999988 0.99999999400000005867 0.00000000099999999988 0.00000000099999999988 0.00000000099999999988 0.00000000099999999988 
0.00000000099999999992 0.00000000099999999992 0.99999999399999994765 0.00000000099999999992 0.00000000099999999992 0.00000000099999999992 0.00000000099999999992 
0.00000000099999999992 0.00000000099999999992 0.99999999399999994765 0.00000000099999999992 0.00000000099999999992 0.00000000099999999992 0.00000000099999999992 
0.00000000099999999995 0.00000000099999999995 0.99999999400000005867 0.00000000099999999995 0.00000000099999999995 0.00000000099999999995 0.00000000099999999995 
0.00000000099999999987 0.00000000099999999987 0.99999999400000005867 0.00000000099999999987 0.00000000099999999987 0.00000000099999999987 0.00000000099999999987 
