0.00000000099999999994 0.99999766925887034752 0.00000000099999999994 0.00000232574112980911 0.00000000099999999994 0.00000000099999999994 0.00000000099999999994 
0.00000000099999999992 0.99999999400000005867 0.00000000099999999992 0.00000000099999999992 0.00000000099999999992 0.00000000099999999992 0.00000000099999999992 
0.00000000099999999993 0.99999999400000016969 0.00000000099999999993 0.00000000099999999993 0.00000000099999999993 0.00000000099999999993 0.00000000099999999993 
0.00000000099999999994 0.99999999400000005867 0.00000000099999999994 0.00000000099999999994 0.00000000099999999994 0.00000000099999999994 0.00000000099999999994 
0.00000000099999999993 0.99999999400000016969 0.00000000099999999993 0.00000000099999999993 0.00000000099999999993 0.00000000099999999993 0.00000000099999999993 
0.00000000099999999995 0.99999999400000005867 0.00000000099999999995 0.00000000099999999995 0.00000000099999999995 0.00000000099999999995 0.00000000099999999995 
0.00000000099999999991 0.99999999400000005867 0.00000000099999999991 0.00000000099999999991 0.00000000099999999991 0.00000000099999999991 0.00000000099999999991 
0.00000000099999999993 0.99999999400000016969 0.00000000099999999993 0.00000000099999999993 0.00000000099999999993 0.00000000099999999993 0.00000000099999999993 
0.00000000099999999993 0.99999999400000016969 0.00000000099999999993 0.00000000099999999993 0.00000000099999999993 0.00000000099999999993 0.00000000099999999993 
0.00000000099999999993 0.99999999400000005867 0.00000000099999999993 0.00000000099999999993 0.00000000099999999993 0.00000000099999999993 0.00000000099999999993 
0.00000000099999999993 0.99999999400000005867 0.00000000099999999993 0.00000000099999999993 0.00000000099999999993 0.00000000099999999993 0.00000000099999999993 
0.00000000099999999993 0.99999999400000005867 0.00000000099999999993 0.00000000099999999993 0.00000000099999999993 0.00000000099999999993 0.00000000099999999993 
0.00000000099999999994 0.99999999400000016969 0.00000000099999999994 0.00000000099999999994 0.00000000099999999994 0.00000000099999999994 0.00000000099999999994 
0.00000000099999999993 0.99999999400000005867 0.00000000099999999993 0.00000000099999999993 0.00000000099999999993 0.00000000099999999993 0.00000000099999999993 
0.00000000099999999994 0.99999999400000016969 0.00000000099999999994 0.00000000099999999994 0.00000000099999999994 0.00000000099999999994 0.00000000099999999994 
0.00000020302178015163 0.00000009713788533823 0.00000004372433956531 0.01004922890965074742 0.00000077427572615590 0.98994964826815501358 0.00000000466246299080 
0.00000000099999999998 0.00000000099999999998 0.16040178925859863157 0.00000000099999999998 0.00000000099999999998 0.83959820574140142657 0.00000000099999999998 
0.00000000099999999999 0.00000000099999999999 0.00000000099999999999 0.00000000099999999999 0.00000001358485204417 0.99999998141514800931 0.00000000099999999999 
0.00000000100000000000 0.00000000100000000000 0.00228500493050830212 0.00000000344303604692 0.00000000100000000000 0.99771498762645549618 0.00000000100000000000 
0.00000000099999999999 0.00000000099999999999 0.06750313822348581738 0.00000000099999999999 0.00000000099999999999 0.93249685677651417137 0.00000000099999999999 
0.00000000099999999996 0.00000000099999999996 0.00000000099999999996 0.36051028885050045991 0.00000000099999999996 0.63948970614949951496 0.00000000099999999996 
0.00000000099999999997 0.00000000099999999997 0.06585510781105644029 0.36611724555063124287 0.00000000099999999997 0.56802764263831218017 0.00000000099999999997 
0.00000000099999999998 0.00000000099999999998 0.27627817625993539297 0.62913766073835208914 0.00000000099999999998 0.09458415900171247837 0.00000000099999999998 
0.00000000099999999999 0.00000000099999999999 0.46148702675456765299 0.53849706562114951769 0.00000000099999999999 0.00001590362428287796 0.00000000099999999999 
0.00000000100000000000 0.00000560048841488885 0.30045755077883845585 0.69953666281977344710 0.00000000100000000000 0.00000018291297314209 0.00000000100000000000 
0.00000000099999999999 0.00000000099999999999 0.30426233420592063705 0.61143454057472679253 0.00000000099999999999 0.08430312121935246150 0.00000000099999999999 
0.00000000099999999996 0.00000000099999999996 0.41726023841331422171 0.58273975658668586419 0.00000000099999999996 0.00000000099999999996 0.00000000099999999996 
0.00000000100000000000 0.00629439985183792832 0.33318020647607693441 0.66051697144347609747 0.00000000100000000000 0.00000805057582481359 0.00000036965278424039 
0.00000000100000000000 0.00000021470865482983 0.05366385918205000133 0.77521263560359410238 0.00000000100000000000 0.17112328750570104940 0.00000000100000000000 
0.00000000099999999996 0.05913805864021459691 0.05575712828230208057 0.88510480907748345647 0.00000000099999999996 0.00000000099999999996 0.00000000099999999996 
0.00000000099999999993 0.00000000099999999993 0.00000000099999999993 0.99999999400000005867 0.00000000099999999993 0.00000000099999999993 0.00000000099999999993 
0.00000000099999999993 0.00000000099999999993 0.00000000099999999993 0.99999999399999994765 0.00000000099999999993 0.00000000099999999993 0.00000000099999999993 
0.00000000099999999994 0.00000000099999999994 0.00000000099999999994 0.99999999400000005867 0.00000000099999999994 0.00000000099999999994 0.00000000099999999994 
0.00000000099999999995 0.00000000099999999995 0.00000000099999999995 0.99999999399999994765 0.00000000099999999995 0.00000000099999999995 0.00000000099999999995 
0.00000000099999999993 0.00000000099999999993 0.00000000099999999993 0.99999999399999994765 0.00000000099999999993 0.00000000099999999993 0.00000000099999999993 
0.00000000099999999994 0.00000000099999999994 0.00000000099999999994 0.99999999399999994765 0.00000000099999999994 0.00000000099999999994 0.00000000099999999994 
0.00000000099999999995 0.00000000099999999995 0.00000000099999999995 0.99999999399999994765 0.00000000099999999995 0.00000000099999999995 0.00000000099999999995 
0.00000000099999999997 0.00000000099999999997 0.31830557275600540601 0.68169442224399467989 0.00000000099999999997 0.00000000099999999997 0.00000000099999999997 
0.00000000099999999999 0.00000000099999999999 0.36611668795388951914 0.63388271181910826879 0.00000000099999999999 0.00000059622700214278 0.00000000099999999999 
0.00000000099999999995 0.00000000099999999995 0.39924305793582037793 0.60075693706417976347 0.00000000099999999995 0.00000000099999999995 0.00000000099999999995 
0.00000000099999999996 0.00000000099999999996 0.36929922982475488213 0.63070076517524509274 0.00000000099999999996 0.00000000099999999996 0.00000000099999999996 
0.00000000099999999997 0.00000000099999999997 0.00000000099999999997 0.99999999399999994765 0.00000000099999999997 0.00000000099999999997 0.00000000099999999997 
0.00000000099999999995 0.00000000099999999995 0.00000000099999999995 0.99999999399999994765 0.00000000099999999995 0.00000000099999999995 0.00000000099999999995 
0.00000000099999999996 0.00000000099999999996 0.00000000099999999996 0.99999999400000005867 0.00000000099999999996 0.00000000099999999996 0.00000000099999999996 
0.00000000099999999998 0.00000000099999999998 0.00000000099999999998 0.99999999399999994765 0.00000000099999999998 0.00000000099999999998 0.00000000099999999998 
0.00000000099999999995 0.00000000099999999995 0.00000000099999999995 0.99999999399999994765 0.00000000099999999995 0.00000000099999999995 0.00000000099999999995 
0.00000000099999999992 0.00000000099999999992 0.00000000099999999992 0.99999999400000005867 0.00000000099999999992 0.00000000099999999992 0.00000000099999999992 
0.00000000099999999999 0.00000000099999999999 0.00000047841854827784 0.99999951658145169731 0.00000000099999999999 0.00000000099999999999 0.00000000099999999999 
0.00000000099999999994 0.00000000099999999994 0.00000000099999999994 0.99999999399999994765 0.00000000099999999994 0.00000000099999999994 0.00000000099999999994 
0.00000000099999999996 0.00000000099999999996 0.00000000099999999996 0.99999999400000005867 0.00000000099999999996 0.00000000099999999996 0.00000000099999999996 
0.00000000099999999995 0.00000000099999999995 0.00000000099999999995 0.99999999399999994765 0.00000000099999999995 0.00000000099999999995 0.00000000099999999995 
0.00000000099999999994 0.00000000099999999994 0.00000000099999999994 0.99999999400000005867 0.00000000099999999994 0.00000000099999999994 0.00000000099999999994 
0.00000000099999999994 0.00000000099999999994 0.00000000099999999994 0.99999999400000005867 0.00000000099999999994 0.00000000099999999994 0.00000000099999999994 
0.00000000099999999996 0.00000000099999999996 0.00000000099999999996 0.99999999400000005867 0.00000000099999999996 0.00000000099999999996 0.00000000099999999996 
0.00000000099999999998 0.00004089820517686517 0.00000000871507673075 0.99995908907974639934 0.00000000099999999998 0.00000000099999999998 0.00000000099999999998 
0.00000000099999999998 0.00001274230831275165 0.00000000099999999998 0.99998725269168731167 0.00000000099999999998 0.00000000099999999998 0.00000000099999999998 
0.00000000099999999997 0.00000000099999999997 0.00000000099999999997 0.99999999399999994765 0.00000000099999999997 0.00000000099999999997 0.00000000099999999997 
0.00000000099999999996 0.00000000099999999996 0.00000000099999999996 0.99999999399999994765 0.00000000099999999996 0.00000000099999999996 0.00000000099999999996 
0.00000000100000000000 0.00014454932774196196 0.14900427808172017619 0.85085116859053788740 0.00000000100000000000 0.00000000100000000000 0.00000000100000000000 
0.00000000099999999998 0.00000000099999999998 0.07988401228919125852 0.92011598271080874412 0.00000000099999999998 0.00000000099999999998 0.00000000099999999998 
0.00000000099999999991 0.00000000099999999991 0.00000000099999999991 0.99999999400000005867 0.00000000099999999991 0.00000000099999999991 0.00000000099999999991 
0.00000000099999999993 0.00000000099999999993 0.00000000099999999993 0.99999999400000005867 0.00000000099999999993 0.00000000099999999993 0.00000000099999999993 
0.00000000099999999994 0.00000000099999999994 0.00000000099999999994 0.99999999400000005867 0.00000000099999999994 0.00000000099999999994 0.00000000099999999994 
0.00000000099999999994 0.00000000099999999994 0.00000000099999999994 0.99999999399999994765 0.00000000099999999994 0.00000000099999999994 0.00000000099999999994 
0.00000000099999999996 0.00000000099999999996 0.00002465775175516269 0.99997533724824494428 0.00000000099999999996 0.00000000099999999996 0.00000000099999999996 
0.00000000099999999995 0.00000000099999999995 0.00000000099999999995 0.99999999399999994765 0.00000000099999999995 0.00000000099999999995 0.00000000099999999995 
0.00000000099999999995 0.05138014917548384963 0.00000000099999999995 0.94861984582451619463 0.00000000099999999995 0.00000000099999999995 0.00000000099999999995 
0.00000000099999999996 0.00000000099999999996 0.00000000099999999996 0.99999999400000005867 0.00000000099999999996 0.00000000099999999996 0.00000000099999999996 
0.00000000099999999995 0.00000000099999999995 0.00000000099999999995 0.99999999400000005867 0.00000000099999999995 0.00000000099999999995 0.00000000099999999995 
0.00000000099999999997 0.00000000099999999997 0.00000000099999999997 0.99999999400000005867 0.00000000099999999997 0.00000000099999999997 0.00000000099999999997 
0.00000000099999999998 0.00000000099999999998 0.00000000099999999998 0.99999999399999994765 0.00000000099999999998 0.00000000099999999998 0.00000000099999999998 
0.00000000099999999997 0.00000000099999999997 0.00000000099999999997 0.99999999400000005867 0.00000000099999999997 0.00000000099999999997 0.00000000099999999997 
0.00000000099999999998 0.00000000099999999998 0.00002841470172267179 0.99997158029827748482 0.00000000099999999998 0.00000000099999999998 0.00000000099999999998 
0.00000000099999999998 0.00000000099999999998 0.00000000099999999998 0.99999999400000005867 0.00000000099999999998 0.00000000099999999998 0.00000000099999999998 
0.00000000099999999995 0.00000000099999999995 0.00000000099999999995 0.99999999400000005867 0.00000000099999999995 0.00000000099999999995 0.00000000099999999995 
0.00000000099999999995 0.00000000099999999995 0.00000000099999999995 0.99999999399999994765 0.00000000099999999995 0.00000000099999999995 0.00000000099999999995 
0.00000000099999999995 0.00000000099999999995 0.00000000099999999995 0.99999999400000005867 0.00000000099999999995 0.00000000099999999995 0.00000000099999999995 
0.00000000099999999992 0.00000000099999999992 0.00000000099999999992 0.99999999400000005867 0.00000000099999999992 0.00000000099999999992 0.00000000099999999992 
0.00000000099999999996 0.00000000099999999996 0.00000000099999999996 0.99999999400000005867 0.00000000099999999996 0.00000000099999999996 0.00000000099999999996 
0.00000000099999999996 0.00000001435100389046 0.00000000099999999996 0.99999998064899620065 0.00000000099999999996 0.00000000099999999996 0.00000000099999999996 
0.00000000099999999994 0.00000000099999999994 0.00000000099999999994 0.99999999400000005867 0.00000000099999999994 0.00000000099999999994 0.00000000099999999994 
0.00000000099999999994 0.00000000099999999994 0.00000000099999999994 0.99999999399999994765 0.00000000099999999994 0.00000000099999999994 0.00000000099999999994 
0.00000000099999999996 0.00000000099999999996 0.47804393046166815395 0.52195606453833176541 0.00000000099999999996 0.00000000099999999996 0.00000000099999999996 
0.00000000100000000000 0.00342234593077145061 0.36779068449304858079 0.62878696557617996810 0.00000000100000000000 0.00000000100000000000 0.00000000100000000000 
0.00000000099999999994 0.00000000099999999994 0.38796582589178058020 0.61203416910821939467 0.00000000099999999994 0.00000000099999999994 0.00000000099999999994 
0.00000000099999999996 0.00000001261862482283 0.39630248520522282085 0.60369749817615236953 0.00000000099999999996 0.00000000099999999996 0.00000000099999999996 
0.00000000099999999995 0.00000000099999999995 0.00000000099999999995 0.20075929968697950323 0.00000000099999999995 0.79924069531302033287 0.00000000099999999995 
0.00000000099999999995 0.00000000099999999995 0.00000000099999999995 0.06267364968491526134 0.00000000099999999995 0.93732634531508463027 0.00000000099999999995 
0.00000000099999999996 0.00000000099999999996 0.00000000099999999996 0.02867542461555501812 0.00000000099999999996 0.97132457038444508512 0.00000000099999999996 
0.00000000099999999996 0.00000000099999999996 0.00000000099999999996 0.16531634958667337787 0.00000000099999999996 0.83468364541332662476 0.00000000099999999996 
0.00000000099999999996 0.00000000099999999996 0.00000000099999999996 0.27010794773204610530 0.00000000099999999996 0.72989204726795386957 0.00000000099999999996 
0.00000000099999999997 0.00000000099999999997 0.00000000099999999997 0.21547715542456730153 0.00000000099999999997 0.78452283957543267334 0.00000000099999999997 
0.00000000099999999999 0.00000003007288611520 0.00000000099999999999 0.17058525037200397700 0.00000000099999999999 0.82941471555510981606 0.00000000099999999999 
0.00000000099999999996 0.00000000099999999996 0.00000000099999999996 0.00505902937351904256 0.00000000099999999996 0.99494096562648104420 0.00000000099999999996 
0.00000000099999999997 0.06412785824753550190 0.00000000099999999997 0.16192594807985777328 0.00000000099999999997 0.77394618967260675468 0.00000000099999999997 
0.00000000099999999999 0.00000000099999999999 0.00000000099999999999 0.25474624135079060316 0.00000000099999999999 0.74525375364920931620 0.00000000099999999999 
0.00000000099999999997 0.00000020443042472260 0.11648700014650302526 0.09059740680986565209 0.00000000099999999997 0.79291538561320651368 0.00000000099999999997 
0.00000000099999999996 0.12045494256095450047 0.00000000099999999996 0.06873506202937380849 0.00000000099999999996 0.81080999140967180416 0.00000000099999999996 
0.00000000099999999993 0.00000000099999999993 0.00000000099999999993 0.00000000099999999993 0.00000000099999999993 0.99999999400000005867 0.00000000099999999993 
0.00000000099999999992 0.00000000099999999992 0.00000000099999999992 0.00000000099999999992 0.00000000099999999992 0.99999999399999994765 0.00000000099999999992 
0.00000000099999999994 0.00000000099999999994 0.00000000099999999994 0.00000000099999999994 0.00000000099999999994 0.99999999400000005867 0.00000000099999999994 
0.00000000099999999997 0.01898789321871609606 0.00000000099999999997 0.23569673688949199786 0.00000000099999999997 0.74531536589179192553 0.00000000099999999997 
0.00000000099999999997 0.00000000099999999997 0.00000000099999999997 0.19909068621434364288 0.00000000099999999997 0.80090930878565647077 0.00000000099999999997 
0.00000000099999999995 0.00000000099999999995 0.00000000099999999995 0.15298146159719877568 0.00000000099999999995 0.84701853340280119919 0.00000000099999999995 
0.00000000099999999994 0.00000000099999999994 0.00000000099999999994 0.00000000099999999994 0.00000000099999999994 0.99999999400000005867 0.00000000099999999994 
0.00000000099999999997 0.00000000099999999997 0.00000000099999999997 0.28736730213445932369 0.00000000099999999997 0.71263269286554054016 0.00000000099999999997 
0.00000000099999999996 0.00000000099999999996 0.00000000099999999996 0.01906611310103507873 0.00000000099999999996 0.98093388189896491003 0.00000000099999999996 
0.00000000099999999995 0.00000000099999999995 0.00000000099999999995 0.08962105441502839220 0.00000000099999999995 0.91037894058497159655 0.00000000099999999995 
0.00000000099999999995 0.00000000099999999995 0.00000000099999999995 0.09040507922577864508 0.00000000099999999995 0.90959491577422135755 0.00000000099999999995 
0.00000000099999999989 0.99999999400000016969 0.00000000099999999989 0.00000000099999999989 0.00000000099999999989 0.00000000099999999989 0.00000000099999999989 
0.00000000099999999993 0.99999999400000016969 0.00000000099999999993 0.00000000099999999993 0.00000000099999999993 0.00000000099999999993 0.00000000099999999993 
0.00000000099999999995 0.73559361657326216566 0.00000000099999999995 0.26440637842673797575 0.00000000099999999995 0.00000000099999999995 0.00000000099999999995 
0.00000000099999999989 0.99999999400000005867 0.00000000099999999989 0.00000000099999999989 0.00000000099999999989 0.00000000099999999989 0.00000000099999999989 
0.00000000099999999997 0.99999999400000016969 0.00000000099999999997 0.00000000099999999997 0.00000000099999999997 0.00000000099999999997 0.00000000099999999997 
0.00000000099999999989 0.99999999400000005867 0.00000000099999999989 0.00000000099999999989 0.00000000099999999989 0.00000000099999999989 0.00000000099999999989 
0.00000000099999999995 0.00000000099999999995 0.00000000099999999995 0.99999999399999994765 0.00000000099999999995 0.00000000099999999995 0.00000000099999999995 
0.00000000099999999994 0.00000000099999999994 0.00000000099999999994 0.99999999400000005867 0.00000000099999999994 0.00000000099999999994 0.00000000099999999994 
0.00000000099999999995 0.15808698694871906043 0.00000000099999999995 0.84191300805128110873 0.00000000099999999995 0.00000000099999999995 0.00000000099999999995 
0.00000000099999999995 0.05210284013393118308 0.00000000099999999995 0.94789715486606895833 0.00000000099999999995 0.00000000099999999995 0.00000000099999999995 
0.00000000099999999995 0.00000000099999999995 0.00000000099999999995 0.99999999399999994765 0.00000000099999999995 0.00000000099999999995 0.00000000099999999995 
0.00000000099999999994 0.34860734570360280005 0.00000000099999999994 0.65139264929639717483 0.00000000099999999994 0.00000000099999999994 0.00000000099999999994 
0.00000000099999999994 0.00000000099999999994 0.00000000099999999994 0.99999999399999994765 0.00000000099999999994 0.00000000099999999994 0.00000000099999999994 
0.00000000099999999995 0.12205705539201329446 0.00000000099999999995 0.87794293960798663878 0.00000000099999999995 0.00000000099999999995 0.00000000099999999995 
0.00000000099999999996 0.08001884777493512013 0.00000000099999999996 0.91998114722506485474 0.00000000099999999996 0.00000000099999999996 0.00000000099999999996 
0.00000000099999999995 0.00000000099999999995 0.00000000099999999995 0.99999999400000005867 0.00000000099999999995 0.00000000099999999995 0.00000000099999999995 
0.00000000099999999993 0.00000000099999999993 0.99999999400000005867 0.00000000099999999993 0.00000000099999999993 0.00000000099999999993 0.00000000099999999993 
0.00000000099999999993 0.00000000099999999993 0.99999999399999994765 0.00000000099999999993 0.00000000099999999993 0.00000000099999999993 0.00000000099999999993 
0.00000000099999999996 0.00000000099999999996 0.99999999399999994765 0.00000000099999999996 0.00000000099999999996 0.00000000099999999996 0.00000000099999999996 
0.00000000099999999991 0.00000000099999999991 0.99999999399999994765 0.00000000099999999991 0.00000000099999999991 0.00000000099999999991 0.00000000099999999991 
0.00000000099999999993 0.00000000099999999993 0.99999999399999994765 0.00000000099999999993 0.00000000099999999993 0.00000000099999999993 0.00000000099999999993 
0.00000000099999999988 0.00000000099999999988 0.99999999400000005867 0.00000000099999999988 0.00000000099999999988 0.00000000099999999988 0.00000000099999999988 
0.00000000099999999992 0.00000000099999999992 0.99999999399999994765 0.00000000099999999992 0.00000000099999999992 0.00000000099999999992 0.00000000099999999992 
0.00000000099999999999 0.00000000099999999999 0.99999999399999994765 0.00000000099999999999 0.00000000099999999999 0.00000000099999999999 0.00000000099999999999 
0.00000000099999999997 0.00000000099999999997 0.99999999400000005867 0.00000000099999999997 0.00000000099999999997 0.00000000099999999997 0.00000000099999999997 
0.00000000099999999995 0.00000000099999999995 0.99999999400000005867 0.00000000099999999995 0.00000000099999999995 0.00000000099999999995 0.00000000099999999995 
0.00000000099999999998 0.00000000099999999998 0.82336478530669243714 0.17663520969330756549 0.00000000099999999998 0.00000000099999999998 0.00000000099999999998 
0.09909223127886648830 0.00000000099999999997 0.90090776372113356985 0.00000000099999999997 0.00000000099999999997 0.00000000099999999997 0.00000000099999999997 
0.00000000099999999989 0.00000000099999999989 0.99999999400000005867 0.00000000099999999989 0.00000000099999999989 0.00000000099999999989 0.00000000099999999989 
0.99999999400000016969 0.00000000099999999996 0.00000000099999999996 0.00000000099999999996 0.00000000099999999996 0.00000000099999999996 0.00000000099999999996 
0.99999999400000016969 0.00000000099999999990 0.00000000099999999990 0.00000000099999999990 0.00000000099999999990 0.00000000099999999990 0.00000000099999999990 
0.99999999400000005867 0.00000000099999999990 0.00000000099999999990 0.00000000099999999990 0.00000000099999999990 0.00000000099999999990 0.00000000099999999990 
0.99999999400000016969 0.00000000099999999994 0.00000000099999999994 0.00000000099999999994 0.00000000099999999994 0.00000000099999999994 0.00000000099999999994 
0.99999999400000005867 0.00000000099999999993 0.00000000099999999993 0.00000000099999999993 0.00000000099999999993 0.00000000099999999993 0.00000000099999999993 
0.99999999400000005867 0.00000000099999999991 0.00000000099999999991 0.00000000099999999991 0.00000000099999999991 0.00000000099999999991 0.00000000099999999991 
0.99999999400000016969 0.00000000099999999993 0.00000000099999999993 0.00000000099999999993 0.00000000099999999993 0.00000000099999999993 0.00000000099999999993 
0.99999999400000005867 0.00000000099999999999 0.00000000099999999999 0.00000000099999999999 0.00000000099999999999 0.00000000099999999999 0.00000000099999999999 
0.99999999400000016969 0.00000000099999999994 0.00000000099999999994 0.00000000099999999994 0.00000000099999999994 0.00000000099999999994 0.00000000099999999994 
0.99999999400000016969 0.00000000099999999995 0.00000000099999999995 0.00000000099999999995 0.00000000099999999995 0.00000000099999999995 0.00000000099999999995 
0.99999999400000016969 0.00000000099999999996 0.00000000099999999996 0.00000000099999999996 0.00000000099999999996 0.00000000099999999996 0.00000000099999999996 
0.99999999400000005867 0.00000000099999999996 0.00000000099999999996 0.00000000099999999996 0.00000000099999999996 0.00000000099999999996 0.00000000099999999996 
0.99999999400000016969 0.00000000099999999991 0.00000000099999999991 0.00000000099999999991 0.00000000099999999991 0.00000000099999999991 0.00000000099999999991 
0.99999999400000005867 0.00000000099999999994 0.00000000099999999994 0.00000000099999999994 0.00000000099999999994 0.00000000099999999994 0.00000000099999999994 
0.99999999400000005867 0.00000000099999999994 0.00000000099999999994 0.00000000099999999994 0.00000000099999999994 0.00000000099999999994 0.00000000099999999994 
0.00000000099999999995 0.00000000099999999995 0.24133921333807234477 0.75866078166192774113 0.00000000099999999995 0.00000000099999999995 0.00000000099999999995 
0.00000000099999999999 0.00000000099999999999 0.10120663346545534511 0.89879336153454469915 0.00000000099999999999 0.00000000099999999999 0.00000000099999999999 
0.00000000099999999999 0.00000000099999999999 0.13248503821742496633 0.86751495678257506405 0.00000000099999999999 0.00000000099999999999 0.00000000099999999999 
0.00000000099999999999 0.00000000128144894639 0.00941479224832455532 0.99058520247022663341 0.00000000099999999999 0.00000000099999999999 0.00000000099999999999 
0.00000000099999999994 0.00000000099999999994 0.23944969262268869792 0.76055030237731136022 0.00000000099999999994 0.00000000099999999994 0.00000000099999999994 
0.00000000099999999993 0.00000000099999999993 0.00000000099999999993 0.00000000099999999993 0.00000000099999999993 0.00000000099999999993 0.99999999400000005867 
0.00000000099999999994 0.00000000099999999994 0.00000000099999999994 0.00000000099999999994 0.99999999400000005867 0.00000000099999999994 0.00000000099999999994 
0.00000000099999999994 0.00000000099999999994 0.00000000099999999994 0.00000000099999999994 0.00000000099999999994 0.00000000099999999994 0.99999999399999994765 
0.00000000099999999995 0.00000000099999999995 0.00000000099999999995 0.00000000099999999995 0.00000000099999999995 0.00000000099999999995 0.99999999400000005867 
0.00000000099999999988 0.00000000099999999988 0.00000000099999999988 0.00000000099999999988 0.00000000099999999988 0.00000000099999999988 0.99999999399999994765 
0.00000000099999999985 0.00000000099999999985 0.00000000099999999985 0.00000000099999999985 0.00000000099999999985 0.00000000099999999985 0.99999999399999994765 
0.00000000099999999986 0.00000000099999999986 0.00000000099999999986 0.00000000099999999986 0.00000000099999999986 0.00000000099999999986 0.99999999399999994765 
0.00000000099999999989 0.00000000099999999989 0.00000000099999999989 0.00000000099999999989 0.00000000099999999989 0.00000000099999999989 0.99999999399999994765 
0.00000000099999999993 0.00000000099999999993 0.00000000099999999993 0.00000000099999999993 0.00000000099999999993 0.00000000099999999993 0.99999999400000005867 
0.00000000099999999989 0.00000000099999999989 0.00000000099999999989 0.00000000099999999989 0.00000000099999999989 0.00000000099999999989 0.99999999400000005867 
0.00000000099999999995 0.00000000099999999995 0.00000000099999999995 0.00000000099999999995 0.00000000099999999995 0.00000000099999999995 0.99999999400000005867 
0.00000000099999999994 0.00000000099999999994 0.00000000099999999994 0.00000000099999999994 0.00000000099999999994 0.00000000099999999994 0.99999999400000005867 
0.00000000099999999996 0.00000000099999999996 0.00000000099999999996 0.00000000099999999996 0.00000000099999999996 0.00000000099999999996 0.99999999400000005867 
0.00000000099999999988 0.00000000099999999988 0.00000000099999999988 0.00000000099999999988 0.00000000099999999988 0.00000000099999999988 0.99999999399999994765 
0.00000000099999999998 0.00000000099999999998 0.00000000099999999998 0.95132294034547004724 0.00000000099999999998 0.00000000099999999998 0.04867705465452998315 
0.00000000099999999996 0.00000000099999999996 0.00000000099999999996 0.95736926108203179719 0.00000000099999999996 0.00000000099999999996 0.04263073391796817768 
0.00000000099999999996 0.00000000099999999996 0.00000000099999999996 0.96868814263820313126 0.00000000099999999996 0.00000000099999999996 0.03131185236179685055 
0.00000000099999999995 0.00000000099999999995 0.00000000099999999995 0.95392960009749505623 0.00000000099999999995 0.00000000099999999995 0.04607039490250498109 
0.00000000099999999994 0.00000000099999999994 0.00000000099999999994 0.97794491948174078200 0.00000000099999999994 0.00000000099999999994 0.02205507551825918594 
0.00000000099999999994 0.00000000099999999994 0.00000000099999999994 0.99999999400000005867 0.00000000099999999994 0.00000000099999999994 0.00000000099999999994 
0.00000000099999999993 0.00000000099999999993 0.00000000099999999993 0.99999265675706650036 0.00000000099999999993 0.00000000099999999993 0.00000733824293353549 
0.00000000099999999999 0.00000000099999999999 0.00000000099999999999 0.90950379905039424600 0.00000000099999999999 0.00000000099999999999 0.09049619594960577051 
0.00000000099999999994 0.00000000099999999994 0.00000000099999999994 0.98836252825569315128 0.00000000099999999994 0.00000000099999999994 0.01163746674430692941 
0.00000000099999999995 0.00000000099999999995 0.00000000099999999995 0.99999999399999994765 0.00000000099999999995 0.00000000099999999995 0.00000000099999999995 
0.00000000099999999994 0.00000000099999999994 0.00000000099999999994 0.93105917325662923556 0.00000000099999999994 0.00000000099999999994 0.06894082174337072544 
0.00000000099999999996 0.00000000099999999996 0.00000000099999999996 0.93272046303457523120 0.00000000099999999996 0.00000000099999999996 0.06727953196542482694 
0.00000000099999999996 0.00000000099999999996 0.00000000099999999996 0.87734965466490200114 0.00000000099999999996 0.00000000099999999996 0.12265034033509805700 
0.00000000099999999998 0.00000000099999999998 0.00000000099999999998 0.67266704266567312054 0.00000000099999999998 0.00000000099999999998 0.32733295233432696536 
0.76291246841380955246 0.00000000099999999996 0.00000000099999999996 0.23708752658619045017 0.00000000099999999996 0.00000000099999999996 0.00000000099999999996 
0.99999999400000016969 0.00000000099999999996 0.00000000099999999996 0.00000000099999999996 0.00000000099999999996 0.00000000099999999996 0.00000000099999999996 
0.86701510012718241427 0.00000000099999999998 0.00000000099999999998 0.08056061060092395421 0.00000000099999999998 0.00000000099999999998 0.05242428527189380016 
0.74871406656551031666 0.03006317874174036647 0.00000000099999999997 0.21814545486450651057 0.00000000099999999997 0.00000000099999999997 0.00307729682824275409 
0.90265950685875750992 0.00000000099999999997 0.00000000099999999997 0.00013512939793151017 0.00000000099999999997 0.00000000099999999997 0.09720535974331107054 
0.70206047048025255197 0.03338817965824388695 0.00000000099999999998 0.26455134586150363951 0.00000000099999999998 0.00000000099999999998 0.00000000099999999998 
0.90477716587169398910 0.09522282912830597190 0.00000000099999999997 0.00000000099999999997 0.00000000099999999997 0.00000000099999999997 0.00000000099999999997 
0.92470507815900182536 0.00000000234898911225 0.00000000099999999998 0.07529491549200899303 0.00000000099999999998 0.00000000099999999998 0.00000000099999999998 
0.82483556874748364951 0.00000000099999999999 0.00000000099999999999 0.15979582623125931917 0.00000000099999999999 0.00000000099999999999 0.01536860102125713751 
0.98074368015464274961 0.00000005669269360681 0.00000000099999999998 0.01925619951748042818 0.00000000099999999998 0.00000000099999999998 0.00000006063518328851 
0.96351894619447642221 0.00000000099999999996 0.00000000099999999996 0.03648104821794149327 0.00000000099999999996 0.00000000099999999996 0.00000000158758209338 
0.95190657588667659805 0.00000000099999999997 0.00000000099999999997 0.00001398590470410563 0.00000000099999999997 0.00000000099999999997 0.04807943420861932049 
0.93948009617763672541 0.00000000273797102843 0.00000000099999999998 0.06051989708439231563 0.00000000099999999998 0.00000000099999999998 0.00000000099999999998 
0.00000000099999999991 0.00000000099999999991 0.00000000099999999991 0.00000000099999999991 0.00000000099999999991 0.99999999400000005867 0.00000000099999999991 
0.00000000099999999995 0.00000000099999999995 0.00000000099999999995 0.00000000099999999995 0.00000000099999999995 0.99999999400000005867 0.00000000099999999995 
0.00000000099999999995 0.00000000099999999995 0.00000000099999999995 0.00000000099999999995 0.00000000099999999995 0.99999999399999994765 0.00000000099999999995 
0.00000000099999999995 0.00000000099999999995 0.00000000099999999995 0.00000000099999999995 0.00000000099999999995 0.99999999400000005867 0.00000000099999999995 
0.00000000099999999995 0.00000000099999999995 0.00000000099999999995 0.00000000099999999995 0.00000000099999999995 0.99999999400000005867 0.00000000099999999995 
0.00000000099999999995 0.00000000099999999995 0.00000000099999999995 0.00000000099999999995 0.00000000099999999995 0.99999999399999994765 0.00000000099999999995 
0.00000000099999999993 0.00000000099999999993 0.00000000099999999993 0.00000000099999999993 0.00000000099999999993 0.99999999399999994765 0.00000000099999999993 
0.00000000099999999990 0.00000000099999999990 0.00000000099999999990 0.00000000099999999990 0.00000000099999999990 0.99999999399999994765 0.00000000099999999990 
0.00000000099999999999 0.00000000099999999999 0.00000000099999999999 0.00000000099999999999 0.00000000099999999999 0.99999999400000005867 0.00000000099999999999 
0.00000000099999999992 0.00000000099999999992 0.00000000099999999992 0.00000000099999999992 0.99999999400000005867 0.00000000099999999992 0.00000000099999999992 
0.00000000099999999995 0.00000000099999999995 0.00000000099999999995 0.00000000099999999995 0.99999999399999994765 0.00000000099999999995 0.00000000099999999995 
0.00000000099999999993 0.00000000099999999993 0.00000000099999999993 0.00000000099999999993 0.99999999400000005867 0.00000000099999999993 0.00000000099999999993 
0.00000000099999999992 0.00000000099999999992 0.00000000099999999992 0.00000000099999999992 0.00000000099999999992 0.00000000099999999992 0.99999999399999994765 
0.00000000099999999994 0.00000000099999999994 0.00000000099999999994 0.00000000099999999994 0.99999999399999994765 0.00000000099999999994 0.00000000099999999994 
0.00000000099999999987 0.00000000099999999987 0.00000000099999999987 0.00000000099999999987 0.99999999399999994765 0.00000000099999999987 0.00000000099999999987 
0.00000000099999999991 0.00000000099999999991 0.00000000099999999991 0.00000000099999999991 0.99999999399999994765 0.00000000099999999991 0.00000000099999999991 
0.00000000099999999991 0.00000000099999999991 0.00000000099999999991 0.00000000099999999991 0.99999999400000005867 0.00000000099999999991 0.00000000099999999991 
0.00000000099999999993 0.00000000099999999993 0.00000000099999999993 0.00000000099999999993 0.99999999399999994765 0.00000000099999999993 0.00000000099999999993 
0.00000000099999999997 0.00000000099999999997 0.00000000099999999997 0.00000000099999999997 0.99999999399999994765 0.00000000099999999997 0.00000000099999999997 
0.00000000099999999987 0.00000000099999999987 0.00000000099999999987 0.00000000099999999987 0.99999999399999994765 0.00000000099999999987 0.00000000099999999987 
0.00000000099999999991 0.00000000099999999991 0.00000000099999999991 0.00000000099999999991 0.99999999400000005867 0.00000000099999999991 0.00000000099999999991 
0.00000000099999999992 0.00000000099999999992 0.00000000099999999992 0.00000000099999999992 0.99999999399999994765 0.00000000099999999992 0.00000000099999999992 
0.00000000099999999995 0.00000000099999999995 0.00000000099999999995 0.00000000099999999995 0.99999999399999994765 0.00000000099999999995 0.00000000099999999995 
0.00000000099999999985 0.00000000099999999985 0.00000000099999999985 0.00000000099999999985 0.99999999400000005867 0.00000000099999999985 0.00000000099999999985 
