0.00000000099999999994 0.00000000099999999994 0.00000000099999999994 0.00000000099999999994 0.00000000099999999994 0.00000000099999999994 0.99999999400000005867 
0.00000000099999999992 0.00000000099999999992 0.00000000099999999992 0.00000000099999999992 0.00000000099999999992 0.00000000099999999992 0.99999999400000005867 
0.00000000099999999993 0.00000000099999999993 0.00000000099999999993 0.00000000099999999993 0.00000000099999999993 0.00000000099999999993 0.99999999400000005867 
0.00000000099999999994 0.00000000099999999994 0.00000000099999999994 0.00000000099999999994 0.00000000099999999994 0.00000000099999999994 0.99999999400000005867 
0.00000000099999999993 0.00000000099999999993 0.00000000099999999993 0.00000000099999999993 0.00000000099999999993 0.00000000099999999993 0.99999999400000005867 
0.00000000099999999995 0.00000000099999999995 0.00000000099999999995 0.00000000099999999995 0.00000000099999999995 0.00000000099999999995 0.99999999399999994765 
0.00000000099999999991 0.00000000099999999991 0.00000000099999999991 0.00000000099999999991 0.00000000099999999991 0.00000000099999999991 0.99999999399999994765 
0.00000000099999999993 0.00000000099999999993 0.00000000099999999993 0.00000000099999999993 0.00000000099999999993 0.00000000099999999993 0.99999999399999994765 
0.00000000099999999994 0.00000000099999999994 0.00000000099999999994 0.00000000099999999994 0.00000000099999999994 0.00000000099999999994 0.99999999400000005867 
0.00000000099999999994 0.00000000099999999994 0.00000000099999999994 0.00000003439450326488 0.00000000099999999994 0.00000000099999999994 0.99999996060549678489 
0.00000000099999999992 0.00000000099999999992 0.00000000099999999992 0.00000000099999999992 0.00000000099999999992 0.00000000099999999992 0.99999999399999994765 
0.00000000099999999994 0.00000000099999999994 0.00000000099999999994 0.00000000099999999994 0.00000000099999999994 0.00000000099999999994 0.99999999400000005867 
0.00000000099999999994 0.00000000099999999994 0.00000000099999999994 0.00000000099999999994 0.00000000099999999994 0.00000000099999999994 0.99999999400000005867 
0.00000000099999999993 0.00000000099999999993 0.00000000099999999993 0.00000000099999999993 0.00000000099999999993 0.00000000099999999993 0.99999999400000005867 
0.00000000099999999993 0.00000000099999999993 0.00000000099999999993 0.00000000099999999993 0.00000000099999999993 0.00000000099999999993 0.99999999400000005867 
0.00000690328255735084 0.00000000100000000000 0.98552767763863569073 0.01446538064287978403 0.00000003543592719633 0.00000000100000000000 0.00000000100000000000 
0.24088035025229012631 0.00000000099999999998 0.75911964474770998734 0.00000000099999999998 0.00000000099999999998 0.00000000099999999998 0.00000000099999999998 
0.00000000099999999999 0.00000000099999999999 0.99999999400000005867 0.00000000099999999999 0.00000000099999999999 0.00000000099999999999 0.00000000099999999999 
0.00508248196905415357 0.00000000100000000000 0.99491751303094588810 0.00000000100000000000 0.00000000100000000000 0.00000000100000000000 0.00000000100000000000 
0.00007035223218407507 0.00000000099999999999 0.99992964276781604038 0.00000000099999999999 0.00000000099999999999 0.00000000099999999999 0.00000000099999999999 
0.31945832983014577078 0.00000000099999999997 0.40945508212924647262 0.27108658404060775871 0.00000000099999999997 0.00000000099999999997 0.00000000099999999997 
0.29614943725061598778 0.00000000099999999997 0.42543908958400278308 0.27841146916538128675 0.00000000099999999997 0.00000000099999999997 0.00000000099999999997 
0.43173386452704576310 0.00000000099999999997 0.00000000133882065975 0.56826613013413351805 0.00000000099999999997 0.00000000099999999997 0.00000000099999999997 
0.41949377498978690504 0.00000000099999999999 0.00000000099999999999 0.58050621997330831281 0.00000000099999999999 0.00000000099999999999 0.00000000103690472971 
0.26221722622596987939 0.00000000100000000000 0.00000000100000000000 0.73778276143294063694 0.00000000100000000000 0.00000000100000000000 0.00000000834108947358 
0.37583892526855977589 0.00000000099999999999 0.00000000099999999999 0.62416106973144003245 0.00000000099999999999 0.00000000099999999999 0.00000000099999999999 
0.41857898773200696851 0.00000000099999999996 0.00000000099999999996 0.58142100726799295085 0.00000000099999999996 0.00000000099999999996 0.00000000099999999996 
0.33079057743035156225 0.00000000482558400167 0.00000387106686240279 0.66906215276761782373 0.00000000100000000000 0.00000000100000000000 0.00014339190958436121 
0.10216275516160044923 0.00000000100000000000 0.13579455814953908521 0.76204200572820302018 0.00000000100000000000 0.00000000100000000000 0.00000067796065754691 
0.00000000099999999996 0.00000000099999999996 0.00000000099999999996 0.83999906552419700834 0.00000000099999999996 0.00000000099999999996 0.16000092947580307756 
0.00000000099999999993 0.00000000099999999993 0.00000000099999999993 0.99999999399999994765 0.00000000099999999993 0.00000000099999999993 0.00000000099999999993 
0.00000000099999999992 0.00000000099999999992 0.00000000099999999992 0.99999999399999994765 0.00000000099999999992 0.00000000099999999992 0.00000000099999999992 
0.00000000099999999995 0.00000000099999999995 0.00000000099999999995 0.99999999400000005867 0.00000000099999999995 0.00000000099999999995 0.00000000099999999995 
0.00000000099999999995 0.00000000099999999995 0.00000000099999999995 0.99999999399999994765 0.00000000099999999995 0.00000000099999999995 0.00000000099999999995 
0.00000000099999999994 0.00000000099999999994 0.00000000099999999994 0.99999999400000005867 0.00000000099999999994 0.00000000099999999994 0.00000000099999999994 
0.00000000099999999995 0.00000000099999999995 0.00000000099999999995 0.99999999400000005867 0.00000000099999999995 0.00000000099999999995 0.00000000099999999995 
0.00000000099999999995 0.00000000099999999995 0.00000000099999999995 0.99999999399999994765 0.00000000099999999995 0.00000000099999999995 0.00000000099999999995 
0.33395213635560899723 0.00000000099999999997 0.00000000099999999997 0.66604785864439108867 0.00000000099999999997 0.00000000099999999997 0.00000000099999999997 
0.32626174637975979831 0.00000000099999999999 0.00000000099999999999 0.67373824862024023208 0.00000000099999999999 0.00000000099999999999 0.00000000099999999999 
0.42454714832265177948 0.00000000099999999995 0.00000000099999999995 0.57545284667734808437 0.00000000099999999995 0.00000000099999999995 0.00000000099999999995 
0.36935004504948965032 0.00000000099999999996 0.00000000099999999996 0.63064994995051038007 0.00000000099999999996 0.00000000099999999996 0.00000000099999999996 
0.00000000099999999997 0.00000000099999999997 0.00000000099999999997 0.99999999399999994765 0.00000000099999999997 0.00000000099999999997 0.00000000099999999997 
0.00000000099999999996 0.00000000099999999996 0.00000000099999999996 0.99999999400000005867 0.00000000099999999996 0.00000000099999999996 0.00000000099999999996 
0.00000000099999999996 0.00000000099999999996 0.00000000099999999996 0.99999999399999994765 0.00000000099999999996 0.00000000099999999996 0.00000000099999999996 
0.00000000099999999998 0.00000000099999999998 0.00000000099999999998 0.99999999400000005867 0.00000000099999999998 0.00000000099999999998 0.00000000099999999998 
0.00000000099999999995 0.00000000099999999995 0.00000000099999999995 0.99999999399999994765 0.00000000099999999995 0.00000000099999999995 0.00000000099999999995 
0.00000000099999999993 0.00000000099999999993 0.00000000099999999993 0.99999999400000005867 0.00000000099999999993 0.00000000099999999993 0.00000000099999999993 
0.00000003519165287241 0.00000000099999999998 0.00000000099999999998 0.99999995980834721632 0.00000000099999999998 0.00000000099999999998 0.00000000099999999998 
0.00000000099999999994 0.00000000099999999994 0.00000000099999999994 0.99999999400000005867 0.00000000099999999994 0.00000000099999999994 0.00000000099999999994 
0.00000000099999999996 0.00000000099999999996 0.00000000099999999996 0.99999999399999994765 0.00000000099999999996 0.00000000099999999996 0.00000000099999999996 
0.00000000099999999996 0.00000000099999999996 0.00000000099999999996 0.99999999399999994765 0.00000000099999999996 0.00000000099999999996 0.00000000099999999996 
0.00000000099999999995 0.00000000099999999995 0.00000000099999999995 0.99999999400000005867 0.00000000099999999995 0.00000000099999999995 0.00000000099999999995 
0.00000000099999999994 0.00000000099999999994 0.00000000099999999994 0.99999999399999994765 0.00000000099999999994 0.00000000099999999994 0.00000000099999999994 
0.00000000099999999996 0.00000000099999999996 0.00000000099999999996 0.99999999400000005867 0.00000000099999999996 0.00000000099999999996 0.00000000099999999996 
0.00127026901495458995 0.00000000099999999998 0.00000000099999999998 0.99872645117314973184 0.00000000099999999998 0.00000000099999999998 0.00000327581189585821 
0.00000000099999999998 0.00000000099999999998 0.00000000099999999998 0.99999999399999994765 0.00000000099999999998 0.00000000099999999998 0.00000000099999999998 
0.00000000099999999997 0.00000000099999999997 0.00000000099999999997 0.99999999400000005867 0.00000000099999999997 0.00000000099999999997 0.00000000099999999997 
0.00000000099999999996 0.00000000099999999996 0.00000000099999999996 0.99999999399999994765 0.00000000099999999996 0.00000000099999999996 0.00000000099999999996 
0.18818232097485099175 0.00000000100000000000 0.00000000100000000000 0.81181763280981944497 0.00000000100000000000 0.00000000100000000000 0.00000004221532975442 
0.06794335888557241632 0.00000000099999999998 0.00000000099999999998 0.93200121692683834951 0.00000000099999999998 0.00000000099999999998 0.00005542018758930557 
0.00000000099999999992 0.00000000099999999992 0.00000000099999999992 0.99999999400000005867 0.00000000099999999992 0.00000000099999999992 0.00000000099999999992 
0.00000000099999999994 0.00000000099999999994 0.00000000099999999994 0.99999999399999994765 0.00000000099999999994 0.00000000099999999994 0.00000000099999999994 
0.00000000099999999994 0.00000000099999999994 0.00000000099999999994 0.99999999399999994765 0.00000000099999999994 0.00000000099999999994 0.00000000099999999994 
0.00000000099999999995 0.00000000099999999995 0.00000000099999999995 0.99999999400000005867 0.00000000099999999995 0.00000000099999999995 0.00000000099999999995 
0.00000000099999999996 0.00000000099999999996 0.00000000099999999996 0.99999999400000005867 0.00000000099999999996 0.00000000099999999996 0.00000000099999999996 
0.00000000099999999995 0.00000000099999999995 0.00000000099999999995 0.99999999400000005867 0.00000000099999999995 0.00000000099999999995 0.00000000099999999995 
0.00000000099999999995 0.00000000099999999995 0.00000000099999999995 0.88413506915904715999 0.00000000099999999995 0.00000000099999999995 0.11586492584095291203 
0.00000000099999999995 0.00000000099999999995 0.00000000099999999995 0.99999999400000005867 0.00000000099999999995 0.00000000099999999995 0.00000000099999999995 
0.00000000099999999994 0.00000000099999999994 0.00000000099999999994 0.99999999399999994765 0.00000000099999999994 0.00000000099999999994 0.00000000099999999994 
0.00000000099999999997 0.00000000099999999997 0.00000000099999999997 0.99999999399999994765 0.00000000099999999997 0.00000000099999999997 0.00000000099999999997 
0.00000000099999999998 0.00000000099999999998 0.00000000099999999998 0.99999999400000005867 0.00000000099999999998 0.00000000099999999998 0.00000000099999999998 
0.00000000099999999997 0.00000000099999999997 0.00000000099999999997 0.99999999400000005867 0.00000000099999999997 0.00000000099999999997 0.00000000099999999997 
0.00000000099999999998 0.00000000099999999998 0.00000000099999999998 0.99999999400000005867 0.00000000099999999998 0.00000000099999999998 0.00000000099999999998 
0.00000000099999999998 0.00000000099999999998 0.00000000099999999998 0.99999999400000005867 0.00000000099999999998 0.00000000099999999998 0.00000000099999999998 
0.00000000099999999995 0.00000000099999999995 0.00000000099999999995 0.99999999399999994765 0.00000000099999999995 0.00000000099999999995 0.00000000099999999995 
0.00000000099999999995 0.00000000099999999995 0.00000000099999999995 0.99999999399999994765 0.00000000099999999995 0.00000000099999999995 0.00000000099999999995 
0.00000000099999999995 0.00000000099999999995 0.00000000099999999995 0.99999999399999994765 0.00000000099999999995 0.00000000099999999995 0.00000000099999999995 
0.00000000099999999992 0.00000000099999999992 0.00000000099999999992 0.99999999400000005867 0.00000000099999999992 0.00000000099999999992 0.00000000099999999992 
0.00000000099999999996 0.00000000099999999996 0.00000000099999999996 0.99999999399999994765 0.00000000099999999996 0.00000000099999999996 0.00000000099999999996 
0.00000000099999999994 0.00000000099999999994 0.00000000099999999994 0.99999999399999994765 0.00000000099999999994 0.00000000099999999994 0.00000000099999999994 
0.00000000099999999994 0.00000000099999999994 0.00000000099999999994 0.99999999399999994765 0.00000000099999999994 0.00000000099999999994 0.00000000099999999994 
0.00000000099999999994 0.00000000099999999994 0.00000000099999999994 0.99999999400000005867 0.00000000099999999994 0.00000000099999999994 0.00000000099999999994 
0.48809126921810630506 0.00000000099999999996 0.00000000099999999996 0.51190872578189361430 0.00000000099999999996 0.00000000099999999996 0.00000000099999999996 
0.41835969138876633044 0.00000000100000000000 0.00000000100000000000 0.58101676129739965315 0.00000000100000000000 0.00000000100000000000 0.00062354331383397080 
0.43885943799356030848 0.00000000099999999994 0.00000000099999999994 0.56114055700643961089 0.00000000099999999994 0.00000000099999999994 0.00000000099999999994 
0.45114477253676976698 0.00000000099999999995 0.00000000099999999995 0.54885522246323004136 0.00000000099999999995 0.00000000099999999995 0.00000000099999999995 
0.00000000099999999995 0.00000000099999999995 0.75809437630276443887 0.24190561869723564703 0.00000000099999999995 0.00000000099999999995 0.00000000099999999995 
0.00000000099999999995 0.00000000099999999995 0.93045883641132198782 0.06954115858867797317 0.00000000099999999995 0.00000000099999999995 0.00000000099999999995 
0.00000000099999999996 0.00000000099999999996 0.89747598857036114950 0.10252400642963871435 0.00000000099999999996 0.00000000099999999996 0.00000000099999999996 
0.00000000099999999996 0.00000000099999999996 0.80865901866087175343 0.19134097633912830472 0.00000000099999999996 0.00000000099999999996 0.00000000099999999996 
0.00000000099999999996 0.00000000099999999996 0.72506307418329729586 0.27493692081670262350 0.00000000099999999996 0.00000000099999999996 0.00000000099999999996 
0.00000000099999999997 0.00000000099999999997 0.76648557988784415951 0.23351441511215573210 0.00000000099999999997 0.00000000099999999997 0.00000000099999999997 
0.00000000099999999999 0.00000000099999999999 0.76464001538442538664 0.23535626644306886779 0.00000000099999999999 0.00000000099999999999 0.00000371417250565922 
0.00000000099999999996 0.00000000099999999996 0.97180207940924046017 0.02819791559075957021 0.00000000099999999996 0.00000000099999999996 0.00000000099999999996 
0.00000000099999999996 0.00000000099999999996 0.82210102136954010810 0.17789897363045981127 0.00000000099999999996 0.00000000099999999996 0.00000000099999999996 
0.00002517076868983788 0.00000000099999999999 0.66059297230921842914 0.33938185292209160915 0.00000000099999999999 0.00000000099999999999 0.00000000099999999999 
0.11847888270573218861 0.00000000099999999997 0.77355807010454080697 0.09854512241353863278 0.00000000099999999997 0.00000000099999999997 0.00941792177618830210 
0.00000000099999999996 0.00000000099999999996 0.79657384030793643159 0.08239307083022738565 0.00000000099999999996 0.00000000099999999996 0.12103308486183619874 
0.00000000099999999994 0.00000000099999999994 0.99999999400000005867 0.00000000099999999994 0.00000000099999999994 0.00000000099999999994 0.00000000099999999994 
0.00000000099999999994 0.00000000099999999994 0.99999999400000005867 0.00000000099999999994 0.00000000099999999994 0.00000000099999999994 0.00000000099999999994 
0.00000000099999999994 0.00000000099999999994 0.99999999400000005867 0.00000000099999999994 0.00000000099999999994 0.00000000099999999994 0.00000000099999999994 
0.00000000099999999997 0.00000000099999999997 0.84184722406157674879 0.15815259744189785751 0.00000000099999999997 0.00000000099999999997 0.00000017449652533587 
0.00000000099999999997 0.00000000099999999997 0.78035126253825737308 0.21964873246174249077 0.00000000099999999997 0.00000000099999999997 0.00000000099999999997 
0.00000000099999999995 0.00000000099999999995 0.87680624862585254675 0.12319374637414728935 0.00000000099999999995 0.00000000099999999995 0.00000000099999999995 
0.00000000099999999994 0.00000000099999999994 0.99999947148503465222 0.00000052351496524872 0.00000000099999999994 0.00000000099999999994 0.00000000099999999994 
0.00000000099999999997 0.00000000099999999997 0.67534637218652660007 0.32465362281347326379 0.00000000099999999997 0.00000000099999999997 0.00000000099999999997 
0.00000000099999999996 0.00000000099999999996 0.99961845407011273856 0.00038154092988733693 0.00000000099999999996 0.00000000099999999996 0.00000000099999999996 
0.00000000099999999995 0.00000000099999999995 0.89788979383135092416 0.10211020116864909235 0.00000000099999999995 0.00000000099999999995 0.00000000099999999995 
0.00000000099999999995 0.00000000099999999995 0.88922489929516468354 0.11077509570483530521 0.00000000099999999995 0.00000000099999999995 0.00000000099999999995 
0.00000000099999999988 0.00000000099999999988 0.00000000099999999988 0.00000000099999999988 0.00000000099999999988 0.00000000099999999988 0.99999999399999994765 
0.00000000099999999993 0.00000000099999999993 0.00000000099999999993 0.00000000099999999993 0.00000000099999999993 0.00000000099999999993 0.99999999399999994765 
0.00000000099999999995 0.00000000099999999995 0.00000000099999999995 0.17901977608344168957 0.00000000099999999995 0.00000000099999999995 0.82098021891655825755 
0.00000000099999999988 0.00000000099999999988 0.00000000099999999988 0.00000000099999999988 0.00000000099999999988 0.00000000099999999988 0.99999999400000005867 
0.00000000099999999997 0.00000000099999999997 0.00000000099999999997 0.00000000099999999997 0.00000000099999999997 0.00000000099999999997 0.99999999400000005867 
0.00000000099999999989 0.00000000099999999989 0.00000000099999999989 0.00000000099999999989 0.00000000099999999989 0.00000000099999999989 0.99999999400000005867 
0.00000000099999999994 0.00000000099999999994 0.00000000099999999994 0.99999999400000005867 0.00000000099999999994 0.00000000099999999994 0.00000000099999999994 
0.00000000099999999994 0.00000000099999999994 0.00000000099999999994 0.99999999399999994765 0.00000000099999999994 0.00000000099999999994 0.00000000099999999994 
0.00000000099999999994 0.00000000099999999994 0.00000000099999999994 0.99980744430614298945 0.00000000099999999994 0.00000000099999999994 0.00019255069385718120 
0.00000000099999999995 0.00000000099999999995 0.00000000099999999995 0.99999999399999994765 0.00000000099999999995 0.00000000099999999995 0.00000000099999999995 
0.00000000099999999995 0.00000000099999999995 0.00000000099999999995 0.99999999400000005867 0.00000000099999999995 0.00000000099999999995 0.00000000099999999995 
0.00000000099999999994 0.00000000099999999994 0.00000000099999999994 0.90724556705488423880 0.00000000099999999994 0.00000000099999999994 0.09275442794511584710 
0.00000000099999999993 0.00000000099999999993 0.00000000099999999993 0.99999999399999994765 0.00000000099999999993 0.00000000099999999993 0.00000000099999999993 
0.00000000099999999994 0.00000000099999999994 0.00000000099999999994 0.95321004571589951215 0.00000000099999999994 0.00000000099999999994 0.04678994928410037252 
0.00000000099999999995 0.00000000099999999995 0.00000000099999999995 0.99999027484485503159 0.00000000099999999995 0.00000000099999999995 0.00000972015514504521 
0.00000000099999999995 0.00000000099999999995 0.00000000099999999995 0.99999999399999994765 0.00000000099999999995 0.00000000099999999995 0.00000000099999999995 
0.99999999400000005867 0.00000000099999999993 0.00000000099999999993 0.00000000099999999993 0.00000000099999999993 0.00000000099999999993 0.00000000099999999993 
0.99999999400000016969 0.00000000099999999993 0.00000000099999999993 0.00000000099999999993 0.00000000099999999993 0.00000000099999999993 0.00000000099999999993 
0.99999999400000005867 0.00000000099999999996 0.00000000099999999996 0.00000000099999999996 0.00000000099999999996 0.00000000099999999996 0.00000000099999999996 
0.99999999400000005867 0.00000000099999999991 0.00000000099999999991 0.00000000099999999991 0.00000000099999999991 0.00000000099999999991 0.00000000099999999991 
0.99999999400000016969 0.00000000099999999994 0.00000000099999999994 0.00000000099999999994 0.00000000099999999994 0.00000000099999999994 0.00000000099999999994 
0.99999999400000005867 0.00000000099999999989 0.00000000099999999989 0.00000000099999999989 0.00000000099999999989 0.00000000099999999989 0.00000000099999999989 
0.99999999400000005867 0.00000000099999999991 0.00000000099999999991 0.00000000099999999991 0.00000000099999999991 0.00000000099999999991 0.00000000099999999991 
0.99999999400000016969 0.00000000099999999999 0.00000000099999999999 0.00000000099999999999 0.00000000099999999999 0.00000000099999999999 0.00000000099999999999 
0.99999999400000016969 0.00000000099999999997 0.00000000099999999997 0.00000000099999999997 0.00000000099999999997 0.00000000099999999997 0.00000000099999999997 
0.99999999400000005867 0.00000000099999999995 0.00000000099999999995 0.00000000099999999995 0.00000000099999999995 0.00000000099999999995 0.00000000099999999995 
0.99999998815357837856 0.00000000099999999998 0.00000000099999999998 0.00000000684642179486 0.00000000099999999998 0.00000000099999999998 0.00000000099999999998 
0.84129867527072355049 0.00000000099999999997 0.00000000099999999997 0.00000000099999999997 0.00000000099999999997 0.15870131972927656316 0.00000000099999999997 
0.99999999400000016969 0.00000000099999999990 0.00000000099999999990 0.00000000099999999990 0.00000000099999999990 0.00000000099999999990 0.00000000099999999990 
0.00000000099999999995 0.00000000099999999995 0.00000000099999999995 0.00000000099999999995 0.00000000099999999995 0.99999999399999994765 0.00000000099999999995 
0.00000000099999999990 0.00000000099999999990 0.00000000099999999990 0.00000000099999999990 0.00000000099999999990 0.99999999399999994765 0.00000000099999999990 
0.00000000099999999991 0.00000000099999999991 0.00000000099999999991 0.00000000099999999991 0.00000000099999999991 0.99999999399999994765 0.00000000099999999991 
0.00000000099999999993 0.00000000099999999993 0.00000000099999999993 0.00000000099999999993 0.00000000099999999993 0.99999999400000005867 0.00000000099999999993 
0.00000000099999999992 0.00000000099999999992 0.00000000099999999992 0.00000000099999999992 0.00000000099999999992 0.99999999399999994765 0.00000000099999999992 
0.00000000099999999991 0.00000000099999999991 0.00000000099999999991 0.00000000099999999991 0.00000000099999999991 0.99999999399999994765 0.00000000099999999991 
0.00000000099999999992 0.00000000099999999992 0.00000000099999999992 0.00000000099999999992 0.00000000099999999992 0.99999999399999994765 0.00000000099999999992 
0.00000000099999999999 0.00000000099999999999 0.00000000099999999999 0.00000000099999999999 0.00000000099999999999 0.99999999399999994765 0.00000000099999999999 
0.00000000099999999993 0.00000000099999999993 0.00000000099999999993 0.00000000099999999993 0.00000000099999999993 0.99999999400000005867 0.00000000099999999993 
0.00000000099999999995 0.00000000099999999995 0.00000000099999999995 0.00000000099999999995 0.00000000099999999995 0.99999999400000005867 0.00000000099999999995 
0.00000000099999999997 0.00000000099999999997 0.00000000099999999997 0.00000000099999999997 0.00000000099999999997 0.99999999400000005867 0.00000000099999999997 
0.00000000099999999995 0.00000000099999999995 0.00000000099999999995 0.00000000099999999995 0.00000000099999999995 0.99999999399999994765 0.00000000099999999995 
0.00000000099999999992 0.00000000099999999992 0.00000000099999999992 0.00000000099999999992 0.00000000099999999992 0.99999999400000005867 0.00000000099999999992 
0.00000000099999999994 0.00000000099999999994 0.00000000099999999994 0.00000000099999999994 0.00000000099999999994 0.99999999400000005867 0.00000000099999999994 
0.00000000099999999994 0.00000000099999999994 0.00000000099999999994 0.00000000099999999994 0.00000000099999999994 0.99999999400000005867 0.00000000099999999994 
0.26832753310758078458 0.00000000099999999995 0.00000000099999999995 0.73167246189241919030 0.00000000099999999995 0.00000000099999999995 0.00000000099999999995 
0.08225099578347891405 0.00000000099999999999 0.00000000099999999999 0.91774899921652097756 0.00000000099999999999 0.00000000099999999999 0.00000000099999999999 
0.06113506550637813619 0.00000000099999999999 0.00000000099999999999 0.93886492949362188032 0.00000000099999999999 0.00000000099999999999 0.00000000099999999999 
0.07573741255968517716 0.00000000099999999999 0.00000000099999999999 0.92426258244031489486 0.00000000099999999999 0.00000000099999999999 0.00000000099999999999 
0.24198217438582630967 0.00000000099999999994 0.00000000099999999994 0.75801782061417366521 0.00000000099999999994 0.00000000099999999994 0.00000000099999999994 
0.00000000099999999993 0.99999999400000005867 0.00000000099999999993 0.00000000099999999993 0.00000000099999999993 0.00000000099999999993 0.00000000099999999993 
0.00000000099999999995 0.00000000099999999995 0.00000000099999999995 0.00000000099999999995 0.99999999399999994765 0.00000000099999999995 0.00000000099999999995 
0.00000000099999999994 0.99999999400000016969 0.00000000099999999994 0.00000000099999999994 0.00000000099999999994 0.00000000099999999994 0.00000000099999999994 
0.00000000099999999994 0.99999999400000016969 0.00000000099999999994 0.00000000099999999994 0.00000000099999999994 0.00000000099999999994 0.00000000099999999994 
0.00000000099999999989 0.99999999400000016969 0.00000000099999999989 0.00000000099999999989 0.00000000099999999989 0.00000000099999999989 0.00000000099999999989 
0.00000000099999999987 0.99999999400000005867 0.00000000099999999987 0.00000000099999999987 0.00000000099999999987 0.00000000099999999987 0.00000000099999999987 
0.00000000099999999987 0.99999999400000016969 0.00000000099999999987 0.00000000099999999987 0.00000000099999999987 0.00000000099999999987 0.00000000099999999987 
0.00000000099999999989 0.99999999400000005867 0.00000000099999999989 0.00000000099999999989 0.00000000099999999989 0.00000000099999999989 0.00000000099999999989 
0.00000000099999999993 0.99999999400000016969 0.00000000099999999993 0.00000000099999999993 0.00000000099999999993 0.00000000099999999993 0.00000000099999999993 
0.00000000099999999990 0.99999999400000005867 0.00000000099999999990 0.00000000099999999990 0.00000000099999999990 0.00000000099999999990 0.00000000099999999990 
0.00000000099999999994 0.99999999400000005867 0.00000000099999999994 0.00000000099999999994 0.00000000099999999994 0.00000000099999999994 0.00000000099999999994 
0.00000000099999999994 0.99999999400000016969 0.00000000099999999994 0.00000000099999999994 0.00000000099999999994 0.00000000099999999994 0.00000000099999999994 
0.00000000099999999996 0.99999999400000005867 0.00000000099999999996 0.00000000099999999996 0.00000000099999999996 0.00000000099999999996 0.00000000099999999996 
0.00000000099999999988 0.99999999400000016969 0.00000000099999999988 0.00000000099999999988 0.00000000099999999988 0.00000000099999999988 0.00000000099999999988 
0.00000000099999999998 0.10696315673423892334 0.00000000099999999998 0.89303683826576119031 0.00000000099999999998 0.00000000099999999998 0.00000000099999999998 
0.00000000099999999996 0.09016932919189168949 0.00000000099999999996 0.90983066580810834090 0.00000000099999999996 0.00000000099999999996 0.00000000099999999996 
0.00000000099999999996 0.21138232903982095978 0.00000000099999999996 0.78861766596017912612 0.00000000099999999996 0.00000000099999999996 0.00000000099999999996 
0.00000000099999999995 0.11067830768384727402 0.00000000099999999995 0.88932168731615268698 0.00000000099999999995 0.00000000099999999995 0.00000000099999999995 
0.00000000099999999993 0.07194667851135351511 0.00000000099999999993 0.92805331648864652916 0.00000000099999999993 0.00000000099999999993 0.00000000099999999993 
0.00000000099999999994 0.05597268725101355036 0.00000000099999999994 0.94402730774898635513 0.00000000099999999994 0.00000000099999999994 0.00000000099999999994 
0.00000000099999999993 0.07070594988107886669 0.00000000099999999993 0.92929404511892110818 0.00000000099999999993 0.00000000099999999993 0.00000000099999999993 
0.00000000099999999998 0.27814181640421464792 0.00000000099999999998 0.72185817859578527145 0.00000000099999999998 0.00000000099999999998 0.00000000099999999998 
0.00000000099999999993 0.09181574268015288420 0.00000000099999999993 0.90818425231984711843 0.00000000099999999993 0.00000000099999999993 0.00000000099999999993 
0.00000000099999999995 0.06229289586429238162 0.00000000099999999995 0.93770709913570760019 0.00000000099999999995 0.00000000099999999995 0.00000000099999999995 
0.00000000099999999993 0.12375160931795770036 0.00000000099999999993 0.87624838568204221900 0.00000000099999999993 0.00000000099999999993 0.00000000099999999993 
0.00000000099999999995 0.11800192919513385892 0.00000000099999999995 0.88199806580486617147 0.00000000099999999995 0.00000000099999999995 0.00000000099999999995 
0.00000000099999999995 0.31877568432784209040 0.00000000099999999995 0.68122431067215782896 0.00000000099999999995 0.00000000099999999995 0.00000000099999999995 
0.00000000099999999998 0.39413801307948365116 0.00000000099999999998 0.60586198192051621270 0.00000000099999999998 0.00000000099999999998 0.00000000099999999998 
0.00000000099999999996 0.00000000099999999996 0.00000000099999999996 0.18576644138029640985 0.00000000099999999996 0.81423355361970362054 0.00000000099999999996 
0.00000000099999999998 0.00000000099999999998 0.00000000099999999998 0.06231849772179108571 0.00000000099999999998 0.93768149727820881978 0.00000000099999999998 
0.00000000099999999998 0.08805019398228790262 0.00000000099999999998 0.07003070064210643875 0.00000000099999999998 0.84191910137560566074 0.00000000099999999998 
0.00000000099999999997 0.00000000099999999997 0.00000000099999999997 0.16085468969169319786 0.00000000099999999997 0.71154904758014692057 0.12759625872815996694 
0.00000000099999999997 0.12744080597303283908 0.00000000099999999997 0.00685398104506368486 0.00000000099999999997 0.86570520898190339576 0.00000000099999999997 
0.00000000099999999998 0.00000000099999999998 0.00000000099999999998 0.20629324421044298310 0.00000000099999999998 0.68253487370004128909 0.11117187808951579930 
0.00000000099999999997 0.00000000099999999997 0.00000000099999999997 0.03960084431443735425 0.00000000099999999997 0.81808706656756124964 0.14231208511800144678 
0.00000000099999999998 0.00000000099999999998 0.00000000099999999998 0.16803901333260118367 0.00000000099999999998 0.83196098166739884672 0.00000000099999999998 
0.00000000099999999999 0.12877849158436274757 0.00000000099999999999 0.04337573117864622352 0.00000000099999999999 0.82784577323699093387 0.00000000099999999999 
0.00000000099999999998 0.00000000099999999998 0.00000000099999999998 0.04175348426531761553 0.00000000099999999998 0.95824651073468225526 0.00000000099999999998 
0.00000000099999999996 0.04452701642739552435 0.00000000099999999996 0.00000000099999999996 0.00000000099999999996 0.95547297857260449216 0.00000000099999999996 
0.00000000099999999997 0.05787202299471638084 0.00000000099999999997 0.00690097828544456067 0.00000000099999999997 0.93522699471983905539 0.00000000099999999997 
0.00000000099999999998 0.00000000099999999998 0.00000000099999999998 0.06688073054894862202 0.00000000099999999998 0.93311926372645193073 0.00000000172459946770 
0.00000000099999999990 0.00000000099999999990 0.99999999399999994765 0.00000000099999999990 0.00000000099999999990 0.00000000099999999990 0.00000000099999999990 
0.00000000099999999995 0.00000000099999999995 0.99999999400000005867 0.00000000099999999995 0.00000000099999999995 0.00000000099999999995 0.00000000099999999995 
0.00000000099999999995 0.00000000099999999995 0.99999999400000005867 0.00000000099999999995 0.00000000099999999995 0.00000000099999999995 0.00000000099999999995 
0.00000000099999999995 0.00000000099999999995 0.99999999399999994765 0.00000000099999999995 0.00000000099999999995 0.00000000099999999995 0.00000000099999999995 
0.00000000099999999994 0.00000000099999999994 0.99999999399999994765 0.00000000099999999994 0.00000000099999999994 0.00000000099999999994 0.00000000099999999994 
0.00000000099999999995 0.00000000099999999995 0.99999999399999994765 0.00000000099999999995 0.00000000099999999995 0.00000000099999999995 0.00000000099999999995 
0.00000000099999999992 0.00000000099999999992 0.99999999399999994765 0.00000000099999999992 0.00000000099999999992 0.00000000099999999992 0.00000000099999999992 
0.00000000099999999990 0.00000000099999999990 0.99999999399999994765 0.00000000099999999990 0.00000000099999999990 0.00000000099999999990 0.00000000099999999990 
0.00000000099999999999 0.00000000099999999999 0.99999999400000005867 0.00000000099999999999 0.00000000099999999999 0.00000000099999999999 0.00000000099999999999 
0.00000000099999999992 0.00000000099999999992 0.00000000099999999992 0.00000000099999999992 0.99999999399999994765 0.00000000099999999992 0.00000000099999999992 
0.00000000099999999995 0.00000000099999999995 0.00000000099999999995 0.00000000099999999995 0.99999999399999994765 0.00000000099999999995 0.00000000099999999995 
0.00000000099999999993 0.00000000099999999993 0.00000000099999999993 0.00000000099999999993 0.99999999399999994765 0.00000000099999999993 0.00000000099999999993 
0.00000000099999999992 0.99999999400000016969 0.00000000099999999992 0.00000000099999999992 0.00000000099999999992 0.00000000099999999992 0.00000000099999999992 
0.00000000099999999994 0.00000000099999999994 0.00000000099999999994 0.00000000099999999994 0.99999999400000005867 0.00000000099999999994 0.00000000099999999994 
0.00000000099999999986 0.00000000099999999986 0.00000000099999999986 0.00000000099999999986 0.99999999400000005867 0.00000000099999999986 0.00000000099999999986 
0.00000000099999999990 0.00000000099999999990 0.00000000099999999990 0.00000000099999999990 0.99999999399999994765 0.00000000099999999990 0.00000000099999999990 
0.00000000099999999991 0.00000000099999999991 0.00000000099999999991 0.00000000099999999991 0.99999999400000005867 0.00000000099999999991 0.00000000099999999991 
0.00000000099999999993 0.00000000099999999993 0.00000000099999999993 0.00000000099999999993 0.99999999400000005867 0.00000000099999999993 0.00000000099999999993 
0.00000000099999999997 0.00000000099999999997 0.00000000099999999997 0.00000000099999999997 0.99999999399999994765 0.00000000099999999997 0.00000000099999999997 
0.00000000099999999987 0.00000000099999999987 0.00000000099999999987 0.00000000099999999987 0.99999999399999994765 0.00000000099999999987 0.00000000099999999987 
0.00000000099999999992 0.00000000099999999992 0.00000000099999999992 0.00000000099999999992 0.99999999400000005867 0.00000000099999999992 0.00000000099999999992 
0.00000000099999999992 0.00000000099999999992 0.00000000099999999992 0.00000000099999999992 0.99999999399999994765 0.00000000099999999992 0.00000000099999999992 
0.00000000099999999994 0.00000000099999999994 0.00000000099999999994 0.00000000099999999994 0.99999999399999994765 0.00000000099999999994 0.00000000099999999994 
0.00000000099999999986 0.00000000099999999986 0.00000000099999999986 0.00000000099999999986 0.99999999400000005867 0.00000000099999999986 0.00000000099999999986 
